1548296342.2836361 184251.13653184284 2500395.9382409262 27.797863928104139 0.0085082524503543571 0.0015274787142421219 0.40167622197992126 0.91574095089438678
1548296342.475239 184251.26927651593 2500396.0855694711 27.794367777538557 0.0090783813519217174 0.00047126312005532942 0.401480009201513 0.91582267012487406
1548296342.575526 184251.35471726704 2500396.1793968133 27.792395410826153 0.0094422367319131843 0.00027340317180704567 0.4013900166168371 0.91585851744499236
1548296342.6750009 184251.45014705221 2500396.2837765529 27.790176586005114 0.0098227593825493311 0.00030108497284466693 0.40130514334700762 0.915891699203126
1548296342.7754209 184251.55704472979 2500396.4015081655 27.787960817323995 0.010042347508217586 0.00041638907734983696 0.40127322533232945 0.91590325717733423
1548296342.8720391 184251.66928568823 2500396.5268677627 27.785830374681385 0.010064683834326406 0.00042945248075556197 0.4011843153737944 0.91594195384202248
1548296342.9751289 184251.79972379273 2500396.673712173 27.783275852785778 0.0099815608438189925 0.00028259168782662433 0.401172161914524 0.91594824367421879
1548296343.0759659 184251.93884086705 2500396.8302595867 27.780633054208931 0.0098958622181025968 0.00021240166900799782 0.40129340699787547 0.91589607941978268
1548296343.172874 184252.08310479563 2500396.9921435341 27.777937782575346 0.0099626379708178427 0.00026662199731673384 0.40123361179097722 0.91592153786584829
1548296343.279995 184252.25451115557 2500397.1845233641 27.77470990843732 0.010072053960572 0.00016473432932765053 0.40122211753680931 0.91592540034158609
1548296343.383146 184252.43138451641 2500397.38362895 27.771779701893063 0.010040393361405815 0.00010293631698634245 0.40119090286545123 0.91593942996426725
1548296343.486665 184252.62007393438 2500397.5977042266 27.768800947468996 0.0097711236904821988 1.1394540319285519e-05 0.40113307941309495 0.91596767279885893
1548296343.587728 184252.81440851197 2500397.8190433695 27.765817797046143 0.0094345185992586386 -0.00027270378251590066 0.40119465270653049 0.915944193786463
1548296343.6875751 184253.02041916057 2500398.0534506519 27.76281320703248 0.0089936338361339182 -0.00034312783383901269 0.4012315780504247 0.91593243068955532
1548296343.787595 184253.23790552776 2500398.2986989939 27.759225920072645 0.0089286313685822717 -0.00028845057141552871 0.40119761579740448 0.91594796217723529
1548296343.887491 184253.46841415553 2500398.5569212497 27.754812655307344 0.0091481197594457525 -0.00029368230444583272 0.4013171562288026 0.9158934248983327
1548296343.9880011 184253.71094130955 2500398.8292027921 27.750755186591892 0.0093237329768260987 -0.00044278232141448131 0.40134017226322438 0.91588150875258867
1548296344.087899 184253.96466331586 2500399.116404579 27.74653412459277 0.0092621023956457951 -0.00060044111421870812 0.401465671711809 0.91582704009363414
1548296344.188695 184254.22836272226 2500399.4158004662 27.741564485276037 0.0091015264001954518 -0.00099228173502477848 0.40146971200600823 0.91582653812605674
1548296344.2887449 184254.50439712923 2500399.7282569013 27.737098214592649 0.0088883593764726015 -0.00092155065876478549 0.40146905995643006 0.91582899152062136
1548296344.388572 184254.79111609832 2500400.0521651208 27.732316677209937 0.008761515131092119 -0.000901615921927615 0.40142564424264832 0.915849264391096
1548296344.4890461 184255.08991980666 2500400.3912038943 27.726674199409523 0.0084915310946803921 -0.00127667604781299 0.40131803538126687 0.91589851974749759
1548296344.5885839 184255.39829237058 2500400.7391008106 27.721099173151913 0.0084602088284500571 -0.0013453979367593358 0.40115899762548429 0.91596838012842319
1548296344.6897271 184255.72545419398 2500401.1077403538 27.715519925047641 0.0081292306850164354 -0.0011438209538291329 0.4009612635406179 0.916058225454041
1548296344.7895119 184256.05414274885 2500401.4778648205 27.710187780081355 0.0077765340086473206 -0.00097664755365589975 0.40056599172876745 0.916234390289252
1548296344.88979 184256.39660565209 2500401.8637195369 27.704670659091313 0.0072743010299815124 -0.0012126119429303746 0.3999915120230999 0.91648917310914013
1548296344.9895239 184256.75081652906 2500402.2587883682 27.698793653924682 0.0073380064599128528 -0.001281275185404724 0.39941524358530883 0.916739862331066
1548296345.090472 184257.11694551964 2500402.6692670146 27.692570846759946 0.0071428550167013808 -0.0013928988911157641 0.39926538212467749 0.916806519442202
1548296345.1904321 184257.49693950967 2500403.0964270849 27.685876167609425 0.0069357843927265427 -0.0011206642660950461 0.39866807737782889 0.91706837427005716
1548296345.2904129 184257.87992737323 2500403.527103818 27.679277214687268 0.0065293425534333691 -0.0014061277804076938 0.39797328329109743 0.91737269213607453
1548296345.390656 184258.27241557147 2500403.9650812643 27.673192231869123 0.0064133275881665328 -0.0014987792280211484 0.39707173153456532 0.91776394726869426
1548296345.4910591 184258.68223182656 2500404.4182108678 27.666941608595959 0.0064999626520977219 -0.0011952422212921417 0.396184517488908 0.91814712872373294
1548296345.590389 184259.09951099707 2500404.8769721384 27.659629508160346 0.0065472386058329848 -0.00079673830969267771 0.39524442215590011 0.91855230968592783
1548296345.691349 184259.53023909594 2500405.3499001153 27.651841459903274 0.006594364997382131 -0.00095135813719071541 0.39409999084499081 0.91904341925937
1548296345.7914391 184259.96974089436 2500405.8298391858 27.644591527582428 0.0066479037259006895 -0.0010743654980771076 0.39288064990537197 0.91956481340075225
1548296345.891309 184260.42564836817 2500406.3244020897 27.637433412156646 0.0065280423922193277 -0.00075633646277195783 0.391669157433526 0.920082650490157
1548296345.9917271 184260.87944376579 2500406.8124793931 27.630152749843091 0.0069469631050246856 -0.00094399967313164347 0.39036380606674964 0.92063399213874109
1548296346.092078 184261.358200322 2500407.3215813003 27.622460085014637 0.0075006732053743671 -0.0012462113915224205 0.3887683053510898 0.92130417974362611
1548296346.192306 184261.83301786039 2500407.82139362 27.615639984764048 0.0076112204232450884 -0.0012168596420355394 0.38724799799874882 0.92194336953103651
1548296346.2922411 184262.3325898101 2500408.3467837684 27.608353577704147 0.0071863487737498346 -0.0016173465413362514 0.38549440885866842 0.92268076891207229
1548296346.3932159 184262.83034590693 2500408.8635838404 27.601897077996117 0.0072093692712030975 -0.0014104953518438627 0.38372276354859797 0.92341912273474214
1548296346.4928989 184263.34417444415 2500409.3922792268 27.594780889462996 0.0069528062790613727 -0.00091022804757271141 0.38190757785334251 0.92417391866895937
1548296346.5926311 184263.86833342796 2500409.9273652993 27.587413788982097 0.0067871937076064495 -0.00047468018621075558 0.37990074294680248 0.92500223469392961
1548296346.6934569 184264.41417952377 2500410.4806118528 27.580175533011445 0.0065875778828891739 -0.00036028304184720575 0.37769744613003292 0.92590556386740519
1548296346.7833991 184264.90172459293 2500410.969852108 27.573580605135987 0.006466236445509671 -0.0002083733901075197 0.37580699540528656 0.9266753728092767
1548296346.883323 184265.44730583759 2500411.5123202754 27.565203501166895 0.0064805997211233859 -0.00017485762670050835 0.37363305070111885 0.92755394165290461
1548296346.98406 184266.00514227428 2500412.0618568808 27.556753696360751 0.0064636625005887235 -3.4908238369258087e-05 0.37145494041688065 0.92842848248445342
1548296347.0842659 184266.56793830171 2500412.6118460312 27.548907908200626 0.0062635730081511 0.00032726773562978789 0.369368641207016 0.929261786280854
1548296347.184175 184267.13440189615 2500413.1602699938 27.541356249877275 0.0065938695737689295 0.0006208751799058269 0.36713792755746916 0.9301429339337377
1548296347.2929969 184267.74817400434 2500413.7489922 27.532546458480798 0.0068851910605885348 0.00076958525879846891 0.36476612767511823 0.93107339881638118
1548296347.383842 184268.29095523161 2500414.2656647773 27.52440974044795 0.0070125985649469817 0.00072958429164461539 0.36267191796086012 0.9318902140760571
1548296347.484637 184268.8852605357 2500414.8262911616 27.515811919786927 0.0072167398744898284 0.00043089567844957 0.36035167387019246 0.93278850986354278
1548296347.585057 184269.48552038602 2500415.3867335343 27.507900985992006 0.0073276259702567638 0.00043203366355935245 0.3580976146123554 0.933655299162113
1548296347.6851449 184270.09222953391 2500415.9472989342 27.500008911349173 0.0077003910395456289 0.00016013514932969647 0.35574923488706944 0.93454970986664843
1548296347.785125 184270.70651186004 2500416.5089809545 27.492458559005836 0.0081538185044296909 -0.0001301508938298758 0.35346301231680666 0.935412955452548
1548296347.8856771 184271.33125399548 2500417.0751387142 27.485453738351573 0.0084822630076259661 -0.00039038668438916166 0.35120563630815532 0.93625984632359938
1548296347.9849319 184271.95842765085 2500417.6373483385 27.479070071521271 0.00907675680768861 -0.00065331861368469308 0.34903098846293285 0.93706699587235021
1548296348.085777 184272.60238733239 2500418.2084289258 27.47408695480577 0.0097174233032646454 -0.00077154969739086322 0.346852395827973 0.93786906970205852
1548296348.185343 184273.2449938629 2500418.7723207758 27.470734365001505 0.010091483736547903 -0.00040353107769411573 0.3448143538927142 0.93861656733099186
1548296348.28471 184273.89642185831 2500419.3382775313 27.466937390935183 0.010517337780236028 0.00050247246350242818 0.34295807562987285 0.93929169669900425
1548296348.3964951 184274.61486635639 2500419.9588857512 27.462289267080564 0.010717038952621914 0.001527655297004128 0.34111012294029969 0.93996100736840948
1548296348.496875 184275.28737181218 2500420.536111421 27.456821779973328 0.010882407127387398 0.0022055584874267485 0.33942855703155894 0.940566299310339
1548296348.5969279 184275.96641230048 2500421.1152033657 27.449707607726289 0.011038898443798037 0.0027704042221913263 0.33773907754002175 0.941170963791387
1548296348.6974339 184276.65179650552 2500421.6976289693 27.442587471056434 0.010878800421122029 0.0026877538139109393 0.33598904894578535 0.94179922842893637
1548296348.7970459 184277.36250746 2500422.2973587317 27.434936776769668 0.010752801164455638 0.002613476603493441 0.334239501119752 0.94242320795828238
1548296348.8977649 184278.06532512943 2500422.8866303652 27.42727676233514 0.010599096107497942 0.0021385740342272 0.33248508433122775 0.94304652820529511
1548296348.998359 184278.74928037275 2500423.456286069 27.42032520116495 0.010275892541320766 0.0019226013030263537 0.33079101834892649 0.9436461263717395
1548296349.0983 184279.46049684289 2500424.0458598989 27.413555211512957 0.0096016537083941454 0.00174452689006957 0.32908326951705119 0.9442504787374808
1548296349.198354 184280.1831193926 2500424.6393144289 27.407701202288791 0.0092378203734861958 0.0016105054855799822 0.32730136750014605 0.94487347501099983
1548296349.298676 184280.91402882463 2500425.2348960154 27.401810976388674 0.0088874435432913391 0.0015489136381932726 0.32558892320274663 0.945468385141186
1548296349.398931 184281.68016108076 2500425.8538557966 27.395469431346935 0.0088389086774249247 0.001158198989855117 0.32381304560488705 0.94607908959271447
1548296349.4990859 184282.39376130182 2500426.4271542011 27.389267365091204 0.00849503401629184 0.0011276763824142582 0.32237548380106018 0.94657308760975822
1548296349.5990911 184283.14360647721 2500427.0257334905 27.382794582467117 0.0082520846758048355 0.0011886075071469884 0.32094275970590491 0.9470618962364894
1548296349.6989131 184283.89674183558 2500427.6236783895 27.377205681702883 0.007789692694362112 0.0011925952521858278 0.31953729778332696 0.9475409298439943
1548296349.799829 184284.66243252464 2500428.2286441731 27.370794023439263 0.0074127138391199545 0.00085642245470595108 0.31802864959765165 0.94805173711628865
1548296349.89993 184285.46257291254 2500428.8568519331 27.364108666046139 0.0069893749872405441 0.00055221665815785679 0.31654505878755551 0.94855156393905826
1548296350.0007451 184286.20496295966 2500429.4356063721 27.357898698550635 0.0066868532549609712 0.00039632302848929092 0.31513775025533197 0.94902230073144844
1548296350.1005189 184286.98645508249 2500430.0390513972 27.351346391293436 0.0065879965038194068 0.00042854359542800359 0.31370911640474469 0.94949618479328657
1548296350.2009251 184287.77740015619 2500430.6452899259 27.3434691711067 0.0062159075065099387 0.00035899562694629249 0.31227436817087878 0.94997155357383667
1548296350.30051 184288.56938624656 2500431.2473330274 27.335745127520529 0.0062229003601540055 0.00039721480936815671 0.31086670367101388 0.9504330645975132
1548296350.400774 184289.37120585237 2500431.8536311756 27.327675475954049 0.00595513391198129 0.00058824197983150888 0.30947907648210243 0.95088742318491548
1548296350.5013969 184290.17978905578 2500432.461126518 27.319288321535826 0.0059286670759449217 0.00063953178699014876 0.30812337045783356 0.95132771981242126
1548296350.601779 184291.0370951198 2500433.1011637505 27.31013700796635 0.0058574933561125813 0.00069827428170659417 0.30671286105839823 0.95178381108631083
1548296350.701766 184291.81805649283 2500433.6805545138 27.301494660137173 0.0059531185610501563 0.00064195063543861217 0.30545007115777567 0.95218926811243232
1548296350.801512 184292.640949087 2500434.2874564906 27.292821047744734 0.0060381775450783085 0.00067055269833739771 0.30414465590613393 0.95260648698964479
1548296350.901619 184293.46930652729 2500434.8951611603 27.284344597241397 0.0061301988955367757 0.00051918282632558508 0.30281269203772548 0.95303023281087973
1548296351.0026431 184294.32576101433 2500435.5197410597 27.275213505288 0.0061964618011684279 0.00056062047971257333 0.30145152065624436 0.95346120542991275
1548296351.1021791 184295.15798685249 2500436.1212330828 27.266951977208429 0.0065434942862291874 0.00069828331790115013 0.30023681184577139 0.95384199524639346
1548296351.201432 184295.99613344012 2500436.7232720274 27.259613529266716 0.006474833889676338 0.00093700440721444659 0.29894778734745348 0.95424704295528406
1548296351.3029339 184296.87660746597 2500437.3510539276 27.251778190211873 0.0068636761890257993 0.00086209855811102555 0.29757793362734614 0.954672467474226
1548296351.402719 184297.736533598 2500437.9607292968 27.244789061640688 0.007112684372459775 0.00062260219719001213 0.29627709470893265 0.95507534008493589
1548296351.502605 184298.59963240477 2500438.5691856528 27.237420412180651 0.0074600156286118279 0.00027822783118742252 0.29488429939009536 0.95550380466500884
1548296351.6030121 184299.50313649498 2500439.2037126711 27.230542479839368 0.0071916206618046364 0.00050525582115672771 0.29353460794177488 0.95592126205523875
1548296351.6936059 184300.27812245203 2500439.7444441402 27.224933708825585 0.0071370560357196782 0.0007989262865033236 0.29236264472541312 0.9562805593114887
1548296351.793318 184301.156044477 2500440.35455442 27.218129632823029 0.0067128311683117029 0.001008857077910476 0.29102250033740967 0.95669212623626443
1548296351.893409 184302.04117856509 2500440.9663443463 27.210358159491967 0.0064349774883560775 0.0010108836180083454 0.28965126333889163 0.957110085008626
1548296351.9931669 184302.92679266914 2500441.5749043403 27.202291905808366 0.00592257972054093 0.0013365001347388694 0.2883331307516222 0.95751090987403986
1548296352.093358 184303.82445689861 2500442.1883771936 27.19421307755092 0.0055318657161640824 0.0013678971656208064 0.28684130427861548 0.95796116491159766
1548296352.192807 184304.7162256905 2500442.7970003062 27.187671364509882 0.0052878163664511627 0.0016049519576387457 0.28546617248458689 0.95837285410965622
1548296352.293391 184305.617252729 2500443.4061361295 27.1810884400266 0.0055570463819236034 0.0016631335353845668 0.28403903201617858 0.9587951718243396
1548296352.393167 184306.53877842345 2500444.0233526872 27.174276514817993 0.006233838930535477 0.0016632607281373969 0.28261140278808772 0.95921278548093158
1548296352.493686 184307.43013842858 2500444.6153566977 27.168082481196969 0.0071791741780398259 0.0015621345471855655 0.28123987286973684 0.95960937526787016
1548296352.593518 184308.34085994464 2500445.2162519437 27.163082787327461 0.0081478125862264328 0.0014460373592124639 0.27983456582877647 0.9600125717371808
1548296352.694787 184309.26258354512 2500445.8215104849 27.158421640061494 0.0089334577965401157 0.001176819148789384 0.27841724307651583 0.96041795442721745
1548296352.79539 184310.18403779558 2500446.4253091174 27.154904391218068 0.0088245232621778184 0.0012452117028009255 0.27691954831661275 0.96085177889054962
1548296352.8961389 184311.11162978355 2500447.0302995592 27.151566396353573 0.00840157469808024 0.0016382011585124141 0.2753718233663664 0.9612996872648194
1548296352.99581 184312.03133452285 2500447.6268124846 27.147555638932992 0.007847768222040738 0.0018111179332793454 0.27380635313009671 0.96175111820645243
1548296353.096324 184312.9678932325 2500448.2287634378 27.142836590818852 0.0074771478849087322 0.0017344926469947705 0.27204902598715475 0.96225277929149422
1548296353.196327 184313.9035847772 2500448.8247436765 27.137206456718207 0.0073029220608014081 0.0015427243775996099 0.27036745863848871 0.96272827144539275
1548296353.2964251 184314.84254726503 2500449.4174339357 27.131612221155251 0.007269420727350929 0.0015515313848484499 0.2687423667045582 0.96318341379546357
1548296353.4171529 184316.01378686051 2500450.1508776066 27.124562956156339 0.00707075007379364 0.0014418441144473536 0.26665606546878151 0.96376473702229448
1548296353.5170281 184316.96158716083 2500450.7394785746 27.11892650966044 0.0067657061522834 0.00155953954251671 0.26495857365994624 0.964234798843499
1548296353.616549 184317.90935505042 2500451.3228087472 27.113070321652909 0.0067722146354348371 0.001447087878003025 0.26322121362405632 0.96471064871487955
1548296353.717519 184318.87513556497 2500451.9123708797 27.107200227467796 0.0066605017430715575 0.0013978040385250723 0.26145869277439093 0.96519067330404051
1548296353.816982 184319.83074582764 2500452.4903704226 27.101356722259592 0.0067626253119307542 0.0013432418910076646 0.25966787579350564 0.96567336966543771
1548296353.917412 184320.79948858963 2500453.0723519707 27.095760673389726 0.0064824522153281829 0.0013470454661759672 0.2578333001573167 0.96616673126938868
1548296354.0174329 184321.76865777987 2500453.6482807766 27.09002000192136 0.0065943027902861375 0.0013902550462924527 0.25593501282570075 0.966670497931702
1548296354.117306 184322.73998240402 2500454.2203581561 27.083032198695914 0.0062929282784386512 0.0013431131563596814 0.25406324921706475 0.96716620107301066
1548296354.2088251 184323.62956753554 2500454.7380238427 27.075855022179386 0.00623649751822812 0.0013967442649098303 0.25221014645271767 0.96765138207438239
1548296354.317677 184324.70659045366 2500455.3580278461 27.066850804246776 0.0062703216650121336 0.0012628046858394692 0.24990860837433385 0.96824830278753726
1548296354.4091079 184325.6091376073 2500455.8716731435 27.059619523584253 0.0064131135884920405 0.0012146343603954854 0.24791486482182604 0.96875983424058587
1548296354.5082259 184326.5926944899 2500456.4270923096 27.051664834099146 0.0063113655058297637 0.0010173507598507064 0.24581890530181913 0.96929469072057672
1548296354.60927 184327.59854923451 2500456.9877558607 27.0440454474833 0.0064203101112434548 0.0011595179363856035 0.24364524550318203 0.96984247663212031
1548296354.7090011 184328.59845648424 2500457.5397252222 27.035755472267216 0.0062780709262661039 0.0013472999525015938 0.24141648797878093 0.97040035549265635
1548296354.809032 184329.60557600542 2500458.0888741044 27.027419803269492 0.0062798656883831 0.0019531414443425 0.23915972025598803 0.97095796857150918
1548296354.9095941 184330.6177820001 2500458.6357483803 27.018980986922553 0.0059722769563901315 0.002241842072892694 0.23689123959523553 0.971515232333034
1548296355.0096109 184331.62874833395 2500459.1746209427 27.010080595548452 0.0061568648755104477 0.0021629454669286384 0.23453826888341286 0.97208498348188865
1548296355.10975 184332.63996551174 2500459.7098669107 27.002988661799513 0.0059800537850878107 0.0015178666369625824 0.23213911419151695 0.97266302834022522
1548296355.209532 184333.64101322851 2500460.2350205937 26.996428909522102 0.0057560010140642378 0.0011837317018553962 0.22969686379656989 0.97324448007353426
1548296355.3100891 184334.67006797038 2500460.7668843339 26.989813773193223 0.0056657743007270077 0.0016792460829846724 0.22716668949914803 0.97383796101618658
1548296355.410238 184335.689817036 2500461.286780973 26.983257419572595 0.0054921569009711109 0.0026306683935277933 0.22460785416296344 0.9744302066565298
1548296355.510637 184336.70863629959 2500461.7989288308 26.975413274781008 0.0055562241816783462 0.0031721790789711454 0.22210302809964128 0.97500221054195757
1548296355.610465 184337.72815114449 2500462.3038632437 26.9658776944557 0.0060636539207421418 0.0029034075798426394 0.21961252348398791 0.97556401217682776
1548296355.710844 184338.75571403265 2500462.8056387794 26.955647102863487 0.0066886100962690823 0.0028007514663780267 0.21723577489445406 0.97609222740077684
1548296355.810673 184339.78131562663 2500463.3008900331 26.946185991675346 0.0072043785294609438 0.00285527655528476 0.214979909554078 0.97658772407496375
1548296355.911617 184340.81969713434 2500463.7956960392 26.936584231850993 0.007837360987299315 0.0031052153660602933 0.21274885514779782 0.97707054916397229
1548296356.0118339 184341.85145354128 2500464.2848989516 26.927309614058704 0.00768548498644956 0.0025798222545054587 0.21051432010396903 0.97755715887554218
1548296356.11116 184342.88464477423 2500464.7689856593 26.9192012575158 0.0078390254081413518 0.0024300177357373387 0.20835720018773995 0.97801836476846415
1548296356.212235 184343.90210905668 2500465.2405923097 26.912417569831074 0.00815291474951078 0.0021248282102015047 0.20645311576822162 0.97842021957631153
1548296356.3120289 184344.98071406642 2500465.7374606165 26.906347391415689 0.0080121735573793311 0.0018367989477442134 0.20426291007138977 0.97888155300510149
1548296356.4129789 184346.03640675562 2500466.2175515047 26.899892670864748 0.0081245569323328791 0.0015184257007752893 0.20219232863733441 0.97931095582468419
1548296356.5125811 184347.08640221786 2500466.6908958638 26.894033520454045 0.0076890329237105821 0.0017780374719144759 0.20015785675533559 0.97973187645118354
1548296356.612963 184348.15114411808 2500467.165383826 26.887831559373698 0.0073810946067772122 0.002172654398195307 0.19811253201616991 0.98014908237135734
1548296356.712851 184349.2103805221 2500467.6320350296 26.880237779597195 0.007136055001069363 0.0024249965030110174 0.19610267516945529 0.98055440282646489
1548296356.8123591 184350.27271835774 2500468.0950938873 26.872631693201704 0.0068932830561625556 0.0023789127545256459 0.19411874414787092 0.98095093485518814
1548296356.9129541 184351.34665993348 2500468.5589375226 26.864621703414294 0.0065112697345653583 0.0020338002391454006 0.19215248511904554 0.98134137255371334
1548296357.0126989 184352.41539287358 2500469.0160282822 26.856974275189838 0.005952157439601616 0.0016760447134092061 0.19019089757396052 0.98172765326028388
1548296357.1132829 184353.50054746194 2500469.4743712465 26.848589693343573 0.0054903089464358188 0.0013944789324210813 0.18826400967744197 0.98210212024837407
1548296357.213094 184354.56367635759 2500469.917379309 26.83991276863383 0.0049801751475123859 0.0013162286653172995 0.18637259304403292 0.982465633984031
1548296357.3130641 184355.67316780568 2500470.3743005395 26.830353355673044 0.0046030114812041388 0.0014173371842776915 0.18439120941338996 0.98284112924301115
1548296357.403028 184356.65458586661 2500470.773703767 26.822059070159931 0.0043477933734371362 0.0016892525830498855 0.18269333581418129 0.98315888246385652
1548296357.5142 184357.87391079662 2500471.2642782591 26.810979949773468 0.0041306209058329943 0.0017225633555905291 0.18060364387373964 0.98354577654827313
1548296357.6143939 184358.97669727111 2500471.702740205 26.800941893299839 0.0039760849513042935 0.0014119395247583926 0.17871659377135188 0.98389154701420423
1548296357.7145431 184360.08178484312 2500472.1370053175 26.791513221240486 0.0038740709308892635 0.0011037662339566591 0.176817486298702 0.98423541381802127
1548296357.8143761 184361.18697530628 2500472.5674233935 26.782415431930502 0.0035239254386561503 0.00065070339866439846 0.17489992691844328 0.98457969413273649
1548296357.9048679 184362.19176649689 2500472.9542481224 26.774813374801685 0.0032250298278729975 0.000579826261279138 0.17321151890116607 0.98487919701051
1548296358.0146289 184363.42109415762 2500473.4210499329 26.765213866290559 0.0031084531690430905 0.00073785732416556285 0.1710858873436723 0.98525093871424108
1548296358.115319 184364.54514355806 2500473.842313821 26.75633007918006 0.0030354759304250323 0.00082932781219061124 0.1691732832500053 0.98558129970879071
1548296358.225693 184365.77090908756 2500474.2948158244 26.745077313246327 0.003359910415356064 0.0011518355873580816 0.16707664144441403 0.98593751331432522
1548296358.316227 184366.80786063013 2500474.6732459641 26.736111102407524 0.0034685896623265007 0.0013334842209324724 0.16530946753471748 0.98623474419074042
1548296358.416467 184367.93814923416 2500475.0807819813 26.726340539297205 0.0037625211129332526 0.000980908110685756 0.16337839452468703 0.98655581770961587
1548296358.5164671 184369.07185195995 2500475.4848707193 26.71670394309373 0.0039974702964532842 0.00037920952901585947 0.16143560730270809 0.9868750787846291
1548296358.616745 184370.21314201204 2500475.8856493928 26.708661859478049 0.0043301000201277293 3.9676169071694366e-05 0.15952920600510392 0.98718371192549492
1548296358.7163241 184371.34724313862 2500476.2784759533 26.701567890965713 0.0049468093220192706 -7.84463261516854e-06 0.15761652203304655 0.987488005495864
1548296358.817245 184372.50278539292 2500476.673622624 26.694473451993392 0.0053074149972267559 0.00028930397972495734 0.15569231717967336 0.98779129881796313
1548296358.9173279 184373.65371815013 2500477.061001379 26.6870266366929 0.0060893870025217319 0.0010178815516165181 0.15378938585828969 0.98808436283568957
1548296359.017277 184374.80433669602 2500477.4439812442 26.678569955726346 0.0065356234737109619 0.0015971800475880437 0.1518827266042716 0.98837562292933834
1548296359.11814 184375.96322830903 2500477.8257496855 26.669473497239753 0.0069255196418424028 0.0019728228674559989 0.149937078006504 0.98866931670123948
1548296359.22255 184377.15315847972 2500478.2125312653 26.659318236796722 0.0074271230592625739 0.0019981400184385292 0.147933056771306 0.98896746963377258
1548296359.3182781 184378.27498271936 2500478.5727310353 26.649864726898713 0.0077142494178544449 0.0019367330265885334 0.14606117221532347 0.98924358648018973
1548296359.4180739 184379.42556179847 2500478.9378220779 26.640728155378817 0.0079044404512275783 0.0020117232682129527 0.14407390476260151 0.9895333156377818
1548296359.518486 184380.58600624796 2500479.3026038106 26.632136290751312 0.0075765714373433549 0.0020258328235514414 0.14207865065505634 0.98982430188122994
1548296359.617929 184381.73232659884 2500479.6582159544 26.623756047978123 0.0072327015718069874 0.0021648585624078997 0.14015279247871398 0.99010110401705764
1548296359.7193251 184382.90171931323 2500480.0169797433 26.61498320399587 0.0065750335506397986 0.0021962599200325153 0.13815538704995803 0.99038630564302932
1548296359.8190329 184384.0496002518 2500480.3641060521 26.606267498953123 0.0059718293200193666 0.002271945672088833 0.13627178131211332 0.99065088559767578
1548296359.9189429 184385.19623124847 2500480.7064326052 26.597405723708 0.005351231789988661 0.0021793248166988204 0.13433849910516002 0.9909186558541756
1548296360.0184481 184386.34115456798 2500481.0426929891 26.588056331341328 0.0048452191691925354 0.0023131971325412587 0.13246752864404379 0.991172803715461
1548296360.1193841 184387.50028682855 2500481.377699621 26.577643175515291 0.00472744752465744 0.0026160763097889056 0.13052007042261576 0.99143094494852158
1548296360.2582409 184389.0887990552 2500481.8276808355 26.561384136896358 0.0048153596388036193 0.00316510040970552 0.12797835892480303 0.99176022006221831
1548296360.3189909 184389.78433439828 2500482.022015661 26.554311634906846 0.0048644426451828386 0.0032819273249269738 0.12687865096245038 0.99190088924283881
1548296360.4198029 184390.93167248915 2500482.3388197874 26.542071457531669 0.00496333496452255 0.0030779381976254929 0.12502802968268892 0.992136020612167
1548296360.520436 184392.07546195085 2500482.6512358417 26.530291759130215 0.0046432650908591923 0.0027552416607436259 0.12316798617889634 0.99237114826728112
1548296360.6202459 184393.20930239072 2500482.9570654761 26.519306295344443 0.004312547194459582 0.00237620628819484 0.12115760401341892 0.99262107098837027
1548296360.7206061 184394.34579384915 2500483.2582780397 26.508963868614792 0.0039556239597348169 0.0019269022867923521 0.11920373076778751 0.992860066000092
1548296360.82035 184395.47417744779 2500483.5521272612 26.499073093315623 0.003851985134929081 0.0016309471499397774 0.11721590401420386 0.99309764578718407
1548296360.9210789 184396.61574880444 2500483.8427146776 26.489664958163257 0.0040632995787912409 0.0017622496536156837 0.11526165784213802 0.99332529128386393
1548296361.0214951 184397.75485938758 2500484.1270493306 26.479561826088911 0.00453262080829031 0.0022156171956415243 0.11327934072498121 0.99355036981220246
1548296361.121748 184398.88846976912 2500484.4061476062 26.469093132469748 0.00462021767418836 0.0025667871191500219 0.11127166619507342 0.99377597148185282
1548296361.2259121 184400.06947923641 2500484.6916560116 26.457571439406841 0.0048601349852967759 0.0027703664019143631 0.10917608896248591 0.99400668295378136
1548296361.321667 184401.14781378623 2500484.9481091113 26.446818061983151 0.0050020293299754721 0.0025010839691169168 0.10722032227860849 0.99421955662320027
1548296361.421905 184402.27900210686 2500485.2127400828 26.436116332447966 0.0049782454242972077 0.0020827188363680524 0.10511022204315271 0.99444593647758606
1548296361.522119 184403.41145642908 2500485.4727041083 26.426416563019721 0.0049712274057363169 0.0015172239449028283 0.10293790876388619 0.994674203882306
1548296361.6223819 184404.53942998845 2500485.7261551418 26.417153251947074 0.004843092186836255 0.0012771492472680558 0.10074213644870172 0.994899962454327
1548296361.7227371 184405.67371600721 2500485.9752435121 26.407902061235635 0.0048189363362554031 0.0015900925293855046 0.098371871903968428 0.99513678671650174
1548296361.822521 184406.79851555647 2500486.2171858484 26.398741091647771 0.0044581730354138352 0.0022700440584146808 0.0960357245432052 0.99536531545188
1548296361.9127281 184407.81776881433 2500486.430779662 26.389486458221459 0.00454488743282351 0.0025489826412757981 0.093910380507440577 0.99556701789415725
1548296362.012903 184408.94542147595 2500486.6625086362 26.378554290829584 0.0043637086131015869 0.0023777811002828175 0.091552687437857411 0.99578783364082391
1548296362.1128781 184410.07047346272 2500486.8882955704 26.367279827906732 0.004398868568810701 0.002172894658702735 0.089202521989767219 0.99600142497628064
1548296362.2243819 184411.31788909432 2500487.1325370045 26.356078058359312 0.0042912270633981451 0.0018840317871452277 0.086613937350994069 0.99623092787318823
1548296362.3127179 184412.31414951786 2500487.3220919995 26.347406460748832 0.0044778297033040574 0.0017274282264139156 0.084565239170792214 0.99640638564636741
1548296362.4130421 184413.4405500321 2500487.5323323086 26.33808293993803 0.00427305617813649 0.001909182095225464 0.0822793215702315 0.996598318911169
1548296362.513617 184414.56453782163 2500487.7364546712 26.328342230437265 0.00417029777619932 0.0023002318911209889 0.07998733366197977 0.996784502288911
1548296362.6139541 184415.68666782381 2500487.9363199887 26.318027475146458 0.0037094414593695176 0.0025209045404863263 0.077670058845423565 0.996969030132484
1548296362.713829 184416.80495634416 2500488.1290916489 26.306494927436152 0.0036287239178335539 0.0029567442483036839 0.075381543296758891 0.99714377747463134
1548296362.813971 184417.92039246234 2500488.3163659708 26.29520258993832 0.0034099255205341478 0.0030995596821929076 0.073051084853539047 0.99731755431228719
1548296362.9142179 184419.03526880019 2500488.4983769688 26.283210917362794 0.0032312938671093883 0.0026930622283208665 0.070746239051336313 0.99748547649370312
1548296363.0146389 184420.15394079703 2500488.6740612909 26.271471558596023 0.0036070403147748249 0.002161654858081217 0.068438236240663322 0.997646492665969
1548296363.1151781 184421.27350057437 2500488.8433604995 26.260550683633905 0.0041710192123778078 0.0016624601988525268 0.066071783893816058 0.997804769580656
1548296363.228616 184422.38986282435 2500489.006084241 26.249716925780117 0.0049278159118050875 0.0015286396258098443 0.0637678440710408 0.99795142264228731
1548296363.3153889 184423.50379337027 2500489.1631807988 26.24032641018572 0.0056040542885388853 0.0015992733951035159 0.06154639369095035 0.99808720977867338
1548296363.4147 184424.60896153958 2500489.3159991871 26.230550134442151 0.0057730883468106124 0.0017590737239100071 0.059390110061197689 0.99821660572116944
1548296363.515744 184425.7340693622 2500489.471177842 26.218397532963664 0.0045569044180974331 0.0024352921385616209 0.057219445121127761 0.99834825540707706
1548296363.6262441 184426.97016021167 2500489.6357886246 26.206459132218473 0.003665201750911696 0.00326347419765662 0.054628377557059182 0.9984946952276561
1548296363.72631 184428.08054589384 2500489.7784388382 26.194247629741739 0.0028553384519995023 0.002606053626478531 0.052347010699272396 0.99862147283025648
1548296363.8261571 184429.19198769948 2500489.913656685 26.180039151225262 0.00288875646161265 0.001782193055100912 0.0500597653657011 0.99874045615742979
1548296363.926908 184430.31575320585 2500490.0424643746 26.169040389542918 0.0034226309600016119 0.0018937443953053234 0.047907226923660978 0.99884413045177467
1548296364.026412 184431.42656068859 2500490.1654163604 26.158853607412158 0.0037715542083550978 0.0015743705405834973 0.045812032852414274 0.99894171720985991
1548296364.1269181 184432.54761433665 2500490.2838772186 26.148719611640022 0.0042119244267540008 0.0011980469486982919 0.043594854665420311 0.99903969541897231
1548296364.24543 184433.82256582761 2500490.4167656885 26.137622674628968 0.0032697524257420309 0.0014310102810802094 0.0411028489056356 0.99914854588318869
1548296364.327462 184434.78200277794 2500490.512094296 26.129276332489685 0.0027771390580851323 0.0018341035071395692 0.039207926887935646 0.99922553111503687
1548296364.4283741 184435.90538223431 2500490.6191085381 26.118781331117457 0.00220329275457635 0.0021072924141294961 0.037064719681178727 0.99930821640506617
1548296364.5282841 184437.01413427581 2500490.717935821 26.108279046580162 0.0022975236124640063 0.0020207508804398321 0.035065949757698694 0.99938031655557436
1548296364.62866 184438.12313099363 2500490.8120312812 26.097978922800891 0.0023173942905642614 0.0013619048279616592 0.032903474838081342 0.99945491956492039
1548296364.7289391 184439.22973224288 2500490.9001816837 26.08844975176142 0.0028846535481207645 0.00080928984486716227 0.03080541624248144 0.99952091031352708
1548296364.82761 184440.31815252037 2500490.9844391928 26.080390067063554 0.0028630063764688413 0.00070823157942356189 0.029021738515203229 0.99957442959295106
1548296364.9289711 184441.43740809362 2500491.06698028 26.072286023042466 0.0029614112676688911 0.00093708913958610255 0.027300558524483442 0.99962244443164616
1548296365.028661 184442.53365189774 2500491.1453008247 26.064208165156149 0.0027705873789606781 0.0011001470614239205 0.025778736192747998 0.99966322843361777
1548296365.1290319 184443.6398659556 2500491.2202593707 26.054918695441032 0.0028708069722443983 0.0012920120785673776 0.024361113934698274 0.999698267128626
1548296365.253463 184444.97785369889 2500491.3064022018 26.043375843382783 0.00304265884283508 0.0017634998611325118 0.022608253941447033 0.99973821530895024
1548296365.329159 184445.83906001761 2500491.3588606305 26.034366919906194 0.0033224146310806245 0.0024399129568228833 0.021570298004518838 0.99975883623490847
1548296365.43001 184446.94581292418 2500491.4247822869 26.022165607503624 0.0033283190233368257 0.0033210347199927716 0.020292202864372763 0.99978303622524956
1548296365.5300009 184448.04042327395 2500491.4855255592 26.00921366324345 0.0040408375668682939 0.0038538339591745316 0.019215277016659715 0.99979977631761163
1548296365.630666 184449.13784157927 2500491.5468183123 25.993802116856983 0.0039048626228395029 0.00407002458448512 0.01838064013150166 0.99981515242375418
1548296365.7303319 184450.22910794878 2500491.6065135016 25.978603691405667 0.00384432067744927 0.0045945719011354835 0.017582963838982498 0.99982746036014192
1548296365.830591 184451.31412043751 2500491.6645366512 25.964602036457304 0.0036659978892264579 0.0042619474659250705 0.016771738016573317 0.99984354029376887
1548296365.930542 184452.3993931436 2500491.7199523021 25.950127824424992 0.0039273534674166971 0.0027823021583492629 0.015912460900685165 0.99986180458977714
1548296366.0279281 184453.4498533743 2500491.7699209889 25.938539690468129 0.0046574083566385685 0.0016677035603723234 0.015113623450368884 0.99987354485376534
1548296366.1313939 184454.56500757817 2500491.8223054875 25.927776759565461 0.00496545746131701 0.0016674680921844398 0.014132812547194945 0.99988640724427658
1548296366.2261641 184455.5887152392 2500491.8693320095 25.917931046285641 0.0049856376893895145 0.0023200710802268529 0.013330066306028277 0.99989602960472335
1548296366.3310089 184456.71899450381 2500491.9170305338 25.907694504353621 0.0054958390062922677 0.0023769984829046355 0.012531211480646575 0.99990355253427143
1548296366.4316609 184457.79349378764 2500491.961043119 25.897620096057882 0.00594662855397026 0.0013106756571023034 0.011673639609118354 0.99991331918143755
1548296366.5315249 184458.85978189562 2500492.0054495228 25.887788408017478 0.00564439167332075 0.0004752506281432962 0.010689669838420212 0.99992682029147717
1548296366.631907 184459.93258325994 2500492.0487437723 25.879130780982095 0.0052104164950073579 0.00088622384922623859 0.0097366728222668536 0.99993862980164427
1548296366.7321119 184461.00306708421 2500492.0892301509 25.869796400589419 0.0049415218659280722 0.0025538460829294309 0.00884902879414749 0.99994537546869711
1548296366.832134 184462.06846894664 2500492.1276576859 25.85824789058346 0.0046567638500347418 0.0040720025886195705 0.007942737627894875 0.99994932184803131
1548296366.932076 184463.13008860179 2500492.1635486097 25.84459972794248 0.0046979757221275367 0.0049344958696685643 0.0069140110362867655 0.99995288700319107
1548296367.0227909 184464.08567958095 2500492.19287197 25.829970239087945 0.0050388216657178348 0.0046476676296570507 0.0060091462579958078 0.99995844894829267
1548296367.122416 184465.13329905379 2500492.2233043276 25.814070048290095 0.0051520077244039007 0.0042146334254766866 0.0050700861197353767 0.99996499334138444
1548296367.2274129 184466.23149517403 2500492.2535195015 25.798778999186432 0.0052735488143343667 0.0036976488991270818 0.0045443828459197809 0.99996893234743611
1548296367.3242719 184467.24890852539 2500492.27798771 25.785895357383051 0.0055950087481106822 0.003283266877835255 0.0037974429846848456 0.99997174733214111
1548296367.4233551 184468.27882146719 2500492.3028082196 25.774582081308655 0.0054974967575619309 0.0022307303415362522 0.002959328787361055 0.99997802163081173
1548296367.5240669 184469.32006934824 2500492.3253617408 25.764713949767479 0.0056979478718045444 0.0011239534319423847 0.0020330209677293242 0.99998106829303413
1548296367.629591 184470.41221955407 2500492.3475176687 25.755797404982147 0.0056544892842293887 0.00065774277325514135 0.0011195281217748329 0.99998317024946137
1548296367.7240191 184471.38871231265 2500492.3651887276 25.748823042613491 0.0058487253179092241 0.0013839980147363406 0.00030069305853048318 0.999981893108738
1548296367.8246911 184472.42446795793 2500492.3810297931 25.740789661704984 0.00624146541690386 0.002514548906877914 -0.00042577840386852296 0.99997726967466383
1548296367.924114 184473.44496466659 2500492.3952345611 25.7309501563758 0.0065760621912176482 0.003540032438379278 -0.0012176853737810361 0.999971369999523
1548296368.0245669 184474.47095070669 2500492.4059796794 25.718306439393377 0.0075442096475431489 0.0048982811887186726 -0.0020762681739616589 0.99995738951850344
1548296368.1246259 184475.48419439152 2500492.4158235448 25.70450619866018 0.0081852894132795045 0.0057221428857713369 -0.0028800567790818045 0.999945980236415
1548296368.260318 184476.84733511877 2500492.4286274374 25.685916047388197 0.00891756711193526 0.004927018698744413 -0.0037793617938646348 0.99994095721096321
1548296368.324857 184477.48542707218 2500492.4332512077 25.678159421476092 0.0092354743109977488 0.0035839164473753385 -0.0042336105324965066 0.99994196736561081
1548296368.425303 184478.47394539919 2500492.4421214396 25.669727029494187 0.00874890508931747 0.0010211965340654434 -0.00508034113508424 0.99994830063925211
1548296368.525439 184479.44678122591 2500492.4506204091 25.664505518692764 0.0080793142823243225 -0.000852361956992257 -0.0059613548699232006 0.99994922891511673
1548296368.6258769 184480.42098414607 2500492.4573246189 25.662101497931161 0.0074071775642415546 -0.00059889036074692239 -0.006741049388350088 0.999949665385219
1548296368.73632 184481.48598010393 2500492.46310835 25.659392443415044 0.0066698620862381342 0.0019044319396486849 -0.0074989071169252377 0.99994782487427292
1548296368.83598 184482.44165158109 2500492.46680487 25.655595010998585 0.0059779323929306846 0.0044506852390245747 -0.008235054846009178 0.999938317896105
1548296368.93626 184483.38706611082 2500492.4662929028 25.646853177188248 0.0063072666311660428 0.0055513019723591158 -0.0088812532804347054 0.99992525959404777
1548296369.0365331 184484.31927209167 2500492.4638605551 25.635074178921258 0.0066563141917895764 0.0051948094270643777 -0.0095402797146908625 0.999918841956367
1548296369.1365271 184485.24100802935 2500492.4584695888 25.623247313341864 0.0072331340920033186 0.0050238655393878015 -0.010069565322602577 0.9999105191968245
1548296369.2385869 184486.16857957561 2500492.45316279 25.613069403560214 0.0070199537075867624 0.0047807540665371082 -0.010769031315183229 0.99990594187905057
1548296369.337 184487.06397670278 2500492.4485674268 25.604898290894031 0.006427570683525204 0.0044653970884459071 -0.011465823139121369 0.99990363608884492
1548296369.437331 184487.95643204686 2500492.43986028 25.59628856318724 0.0067645742933906614 0.0039973712117108645 -0.012114067745256845 0.99989575002631559
1548296369.5376339 184488.84354134375 2500492.4296913641 25.58809617079309 0.0068191224394539805 0.00376848559905375 -0.012831168154818058 0.99988732325658991
1548296369.6374919 184489.71993725636 2500492.4204264283 25.580689112957984 0.006546977595447593 0.00411000000563559 -0.013681477745000451 0.99987652345228684
1548296369.7359791 184490.58049142966 2500492.4090547706 25.573580790010531 0.0065132370724504691 0.0046158834728819249 -0.014415573881561033 0.999864222078312
1548296369.837605 184491.44802117394 2500492.3955908762 25.565918778259938 0.0063979189389496141 0.00465802170681334 -0.015212099711577233 0.99985296993577732
1548296369.93828 184492.31100244875 2500492.3798648287 25.556849926759192 0.0064907026718127167 0.0050268192895940094 -0.016294702424095076 0.99983352841338846
1548296370.0383949 184493.14551775239 2500492.3621160067 25.547075339103738 0.0067066370721221621 0.0053668348267479305 -0.0174230219773916 0.99981131040226812
1548296370.138824 184493.98495169648 2500492.3443203638 25.536821685941096 0.0065035212989622013 0.0052811370359055121 -0.01880392650203495 0.9997880906224218
1548296370.2444379 184494.84237051732 2500492.3250780297 25.52608426944682 0.0061249825978166254 0.0044816256597957531 -0.020275817649652039 0.99976561795165775
1548296370.3392539 184495.65310232039 2500492.3014544258 25.515710916587153 0.006405345301634887 0.0032532613194778833 -0.021801254441300953 0.99973651186057
1548296370.4392979 184496.46676420356 2500492.2759972867 25.507369016381624 0.006081302863797172 0.00168131327146639 -0.023629098078934194 0.99970088359725784
1548296370.5399561 184497.2909838332 2500492.2467816113 25.499437698696521 0.0059901749434708405 0.00082724515611308177 -0.025732622844895747 0.99965057174550775
1548296370.63977 184498.10807999934 2500492.2135182172 25.491681278299769 0.0059293656506303081 0.00080661235302835325 -0.02767000004449751 0.99959920122868773
1548296370.7406969 184498.93250315604 2500492.1781410091 25.485047177657176 0.0053381727173721135 0.0019599695854476541 -0.029705208292798484 0.99954252687494249
1548296370.840503 184499.74715867883 2500492.1399624641 25.478936537638265 0.0047958626905586525 0.0034624839948647862 -0.032000842797616814 0.9994703382121356
1548296370.9406171 184500.56064733246 2500492.0949087054 25.469636620478784 0.0050822695491974821 0.0044668632092469589 -0.034326457195232862 0.9993877685892113
1548296371.04043 184501.36546252813 2500492.04758875 25.45847593293032 0.0046239742737086776 0.0047316387820661339 -0.036942638344561081 0.99929548779552435
1548296371.141119 184502.17245533492 2500491.9972797693 25.446868783326043 0.0043950951131080584 0.0036652782594598552 -0.039861235244586291 0.99918883640631373
1548296371.2408791 184502.97303452095 2500491.9447750933 25.436348696209098 0.0037151136134832368 0.0019178963328881072 -0.042507288613036265 0.99908740859809819
1548296371.341269 184503.78237589935 2500491.8855730849 25.42490373094472 0.0037323939200762644 0.00015813542057063119 -0.044848813428801 0.99898680079510693
1548296371.441608 184504.6155677597 2500491.8159732781 25.413813750815216 0.0052550964268735243 1.4376553175433873e-05 -0.047120524760084395 0.99887538757404226
1548296371.5414419 184505.4254427923 2500491.744647311 25.405603353722181 0.0065660119232782569 0.0012235537009068266 -0.049142728485322966 0.99876943417426545
1548296371.6420469 184506.25964184961 2500491.6755155721 25.397141857064597 0.0061496016403998245 0.0020926811633383874 -0.051020351981145885 0.998676487541853
1548296371.742146 184507.0966377201 2500491.6076027127 25.387035791349689 0.0047263016071476989 0.0013576951373686199 -0.052534154766705234 0.99860702046399619
1548296371.8423769 184507.93861861285 2500491.535550063 25.375038482191336 0.0038044852916206415 -0.001160214597422332 -0.053259007069817357 0.99857281054497526
1548296371.94186 184508.80170214278 2500491.4487640369 25.364646349195613 0.0066842722993261947 -0.0038669753926122135 -0.053539244777481676 0.99853588632246881
1548296372.042506 184509.66991106668 2500491.3663642397 25.357841617996765 0.0081641448205404532 -0.0042570848763937106 -0.052965111979162038 0.99855391485925249
1548296372.1424861 184510.53383039846 2500491.29435892 25.351538543874668 0.0078036859894830219 -0.0018160784514461915 -0.051928752662629356 0.99861865043215536
1548296372.242496 184511.44046936877 2500491.2282552235 25.343804300687268 0.0059721960791620649 0.0030858646540475256 -0.050502625420996532 0.99870130426415049
1548296372.332799 184512.25692677891 2500491.1676624273 25.333901596772627 0.0053876960637994934 0.00621722394170937 -0.04926684410442398 0.99875176942500243
1548296372.43298 184513.14225424983 2500491.0961381923 25.320589672918437 0.0067451500091673753 0.0053017720589173551 -0.0476490808799176 0.99882729200582432
1548296372.53284 184514.01924923007 2500491.03020863 25.305007289905575 0.0069086963022009775 0.00050625100390394291 -0.0461962683495766 0.9989083633726864
1548296372.6335649 184514.90217974296 2500490.9660963756 25.2914499923091 0.0075172283619600183 -0.00431521291852438 -0.0447857242619367 0.99895901273153132
1548296372.733305 184515.78969898514 2500490.90854099 25.288453364446728 0.00690244127421282 -0.0037307870962424512 -0.0432085840980114 0.9990352625369856
1548296372.8339391 184516.6990690346 2500490.8550455766 25.2907524233094 0.0058177401533575594 0.00040210862177517646 -0.041834471438520905 0.999107536358136
1548296372.9340661 184517.59885664136 2500490.8019450023 25.288064372090087 0.0055681198771943734 0.0038199372254920476 -0.040185213285199889 0.99916943145487069
1548296373.0342081 184518.48974166688 2500490.7491819574 25.277005882048446 0.0059111642283421256 0.0045298847166828889 -0.038426949449280996 0.999233660280688
1548296373.1350789 184519.38195096003 2500490.7008607485 25.260942870484815 0.0062394426542166067 0.00324904996982883 -0.036671888118727805 0.99930259964210333
1548296373.234947 184520.26324788338 2500490.6590836672 25.245624430295958 0.005541415863819784 0.0017499196405023421 -0.035230850919235973 0.99936230549034744
1548296373.3353851 184521.149095651 2500490.6194315921 25.234379371783596 0.0051671469688729516 0.0011776905617432195 -0.033762250902254348 0.99941584140494588
1548296373.4353509 184522.03189229927 2500490.5809925189 25.226412976935144 0.0051978334052002924 0.0015156704158478132 -0.03233079759266292 0.99946255797708827
1548296373.535547 184522.91355415064 2500490.5433329791 25.218920464914088 0.0056473066279086655 0.0021950734811408625 -0.030873655133436706 0.99950493095280146
1548296373.6354139 184523.78583727893 2500490.5087134 25.210725224928556 0.0059316169024240936 0.002568179047953644 -0.029309173714244456 0.99954949487931255
1548296373.735759 184524.65772628717 2500490.4784741257 25.201886835843265 0.0057594272901671465 0.0026073272511708935 -0.027696406752192725 0.99959638849633292
1548296373.846586 184525.58405352395 2500490.4496647734 25.191388190567945 0.0056618264507917217 0.0022416820111353496 -0.025896136865962576 0.99964609171367314
1548296373.946382 184526.47180373911 2500490.4226856385 25.18080781949002 0.006182155630324389 0.0026592916869754017 -0.024336514732595776 0.99968117075903562
1548296374.0475111 184527.30940723038 2500490.4008460967 25.17097746737884 0.0063256251918820516 0.003209367015934955 -0.022949557485547955 0.99971146049272952
1548296374.146574 184528.15403273317 2500490.3845775835 25.163158620456841 0.0055652816393414479 0.00350635076529087 -0.021569471721713071 0.99974571318622407
1548296374.2465041 184528.99890275794 2500490.3704211954 25.155192782150788 0.0049494506844313521 0.0035360488258773214 -0.020295074807606787 0.99977552942406878
1548296374.3468089 184529.8382716919 2500490.3555953852 25.1451344523531 0.0051439483854590446 0.0032337282253802422 -0.018978881500234541 0.999801422710416
1548296374.447273 184530.67157148602 2500490.3441323042 25.1349429691925 0.0048659411480414987 0.0032738672637018956 -0.017858412511212722 0.99982332514923
1548296374.5486619 184531.50663265595 2500490.3335513966 25.125554550322509 0.0048670695639682279 0.0035469013516215915 -0.016768011077079766 0.99984126986696253
1548296374.6477079 184532.32243197976 2500490.3253792264 25.117301821697783 0.0046009927857075623 0.0039153133375577024 -0.015816695051236354 0.99985665639856136
1548296374.748157 184533.13724923911 2500490.31884573 25.107866869859148 0.0042518322188609308 0.0035847600884619532 -0.015214334874352326 0.99986878910796184
1548296374.8475759 184533.97298625071 2500490.3108433783 25.097561552289008 0.0043467203521625041 0.0030472481549418794 -0.014926983295781572 0.99987449485950475
1548296374.9482069 184534.75277457284 2500490.3027903107 25.089051364787448 0.0044577731483926054 0.0027184683725660613 -0.014761321343044394 0.99987741327648372
1548296375.047698 184535.58237576042 2500490.2945005735 25.08013684628472 0.004610040847232575 0.002601066726970924 -0.014558023119186671 0.99988001577095742
1548296375.1482689 184536.35211564245 2500490.2874622769 25.071636077374677 0.0042966241323027466 0.0024818283821563016 -0.014583574545605016 0.99988134241139837
1548296375.2488191 184537.14459836044 2500490.2794287708 25.063510720617671 0.0041274501038143889 0.0024090836478668758 -0.014763981644386177 0.99987958540897426
1548296375.348788 184537.97048022345 2500490.2684805212 25.054868051188411 0.0043343722639500957 0.0024235446927289013 -0.015240614676234771 0.99987152340312724
1548296375.4487441 184538.72231070918 2500490.2575757145 25.047419012533098 0.004289163930376514 0.0023028106862860161 -0.015905535197841054 0.99986164747218487
1548296375.5494239 184539.5411806737 2500490.2438142942 25.038802458651482 0.0044601186883062825 0.002511630779032483 -0.016879288931663291 0.99984443222797292
1548296375.6490381 184540.28052294071 2500490.2286180351 25.030424312237 0.0046928760039400145 0.00266364585459774 -0.018187578505837836 0.99982003075236847
1548296375.7496841 184541.05486017073 2500490.2107439572 25.023057200566718 0.0043575102683661134 0.002714161663621329 -0.020152244170862855 0.99978374285922589
1548296375.849592 184541.82184042039 2500490.1886524977 25.015053657476965 0.0039983031151755747 0.00301864283890063 -0.023007240330925209 0.99972274569500785
1548296375.9500949 184542.62352242906 2500490.1577024232 25.004948615354845 0.0038223456781093057 0.0032482936863744674 -0.026770784175097709 0.99962901287242278
1548296376.050415 184543.38052522467 2500490.120204662 24.99601572253907 0.0037398449111475046 0.0034666382944448381 -0.031022495323258039 0.99950567820442837
1548296376.1501391 184544.09792775929 2500490.076741179 24.986985574837391 0.00381565722043826 0.0039489449341541137 -0.035833301896539889 0.99934269450928326
1548296376.250493 184544.84770375185 2500490.0244808248 24.976979767834077 0.0033155439542511484 0.0038687118949103411 -0.04156269498626447 0.99912290666466075
1548296376.351069 184545.62980573313 2500489.9607867687 24.966791039277375 0.0023645882546587333 0.0031713887078210629 -0.048253175807664042 0.99882730341161807
1548296376.4510939 184546.33034249916 2500489.8915422754 24.957076706046976 0.0021568756929142355 0.0030554899561050322 -0.0547816802184957 0.99849135168053
1548296376.551486 184547.06663682938 2500489.8080023974 24.94719182677018 0.001389692993768607 0.0027042026685105487 -0.062352766032483714 0.99804954216181518
1548296376.6518891 184547.79600272264 2500489.714609494 24.938872157007928 8.0705022531366537e-05 0.0028190427908251943 -0.070861518094947978 0.99748217615039225
1548296376.751317 184548.50961311138 2500489.6079017054 24.930142458293119 -0.00077274680065767421 0.0033788560731612678 -0.07979842790931739 0.996804994518597
1548296376.852176 184549.23220983206 2500489.48166109 24.919662686530604 -0.00087129482854517593 0.0039561376381459122 -0.089695139963678769 0.99596102920104557
