1548296342.2836361 184250.4380 2500395.2337 26.1889 0.0081 0.0074 -0.3543 0.9351
1548296342.3287821 184250.4566 2500395.2545 26.1880 0.0083 0.0073 -0.3543 0.9351
1548296342.3289022 184250.4827 2500395.2837 26.1867 0.0086 0.0072 -0.3544 0.9350
1548296342.3328231 184250.4894 2500395.2913 26.1863 0.0086 0.0071 -0.3544 0.9350
1548296342.3425985 184250.4963 2500395.2990 26.1860 0.0087 0.0071 -0.3544 0.9350
1548296342.3553641 184250.5032 2500395.3067 26.1857 0.0087 0.0071 -0.3544 0.9350
1548296342.3626742 184250.5102 2500395.3146 26.1854 0.0088 0.0071 -0.3544 0.9350
1548296342.3780331 184250.5174 2500395.3226 26.1851 0.0089 0.0071 -0.3544 0.9350
1548296342.3830551 184250.5246 2500395.3307 26.1848 0.0089 0.0071 -0.3544 0.9350
1548296342.3928392 184250.5320 2500395.3388 26.1845 0.0090 0.0070 -0.3544 0.9350
1548296342.4031473 184250.5394 2500395.3472 26.1842 0.0090 0.0070 -0.3544 0.9350
1548296342.4130595 184250.5470 2500395.3556 26.1839 0.0091 0.0070 -0.3544 0.9350
1548296342.4233461 184250.5546 2500395.3641 26.1836 0.0092 0.0070 -0.3545 0.9350
1548296342.4324745 184250.5623 2500395.3727 26.1834 0.0092 0.0070 -0.3545 0.9350
1548296342.4431981 184250.5702 2500395.3814 26.1831 0.0092 0.0070 -0.3545 0.9350
1548296342.4559105 184250.5781 2500395.3903 26.1828 0.0093 0.0070 -0.3545 0.9350
1548296342.4628295 184250.5862 2500395.3993 26.1825 0.0094 0.0070 -0.3545 0.9350
1548296342.4783383 184250.5943 2500395.4084 26.1823 0.0094 0.0070 -0.3545 0.9350
1548296342.4832821 184250.6026 2500395.4176 26.1820 0.0095 0.0070 -0.3545 0.9350
1548296342.4930175 184250.6109 2500395.4269 26.1817 0.0095 0.0070 -0.3545 0.9350
1548296342.5028685 184250.6194 2500395.4363 26.1815 0.0095 0.0070 -0.3545 0.9350
1548296342.5133842 184250.6279 2500395.4459 26.1812 0.0096 0.0070 -0.3545 0.9350
1548296342.5282855 184250.6366 2500395.4555 26.1810 0.0096 0.0070 -0.3545 0.9350
1548296342.5330795 184250.6453 2500395.4653 26.1807 0.0096 0.0071 -0.3545 0.9350
1548296342.5432045 184250.6542 2500395.4752 26.1805 0.0097 0.0071 -0.3545 0.9350
1548296342.5551742 184250.6631 2500395.4852 26.1802 0.0097 0.0071 -0.3546 0.9350
1548296342.5630995 184250.6722 2500395.4953 26.1800 0.0097 0.0071 -0.3546 0.9350
1548296342.5739843 184250.6814 2500395.5055 26.1797 0.0098 0.0071 -0.3546 0.9349
1548296342.5834613 184250.6906 2500395.5159 26.1795 0.0098 0.0072 -0.3546 0.9349
1548296342.5929105 184250.7000 2500395.5263 26.1793 0.0098 0.0072 -0.3546 0.9349
1548296342.6025321 184250.7095 2500395.5369 26.1790 0.0099 0.0072 -0.3546 0.9349
1548296342.6129764 184250.7191 2500395.5476 26.1788 0.0099 0.0072 -0.3546 0.9349
1548296342.6282631 184250.7288 2500395.5584 26.1785 0.0099 0.0073 -0.3546 0.9349
1548296342.6330971 184250.7386 2500395.5693 26.1783 0.0099 0.0073 -0.3546 0.9349
1548296342.6428173 184250.7486 2500395.5804 26.1780 0.0099 0.0073 -0.3546 0.9349
1548296342.6544115 184250.7586 2500395.5915 26.1778 0.0100 0.0074 -0.3546 0.9349
1548296342.6631512 184250.7687 2500395.6028 26.1775 0.0100 0.0074 -0.3546 0.9349
1548296342.6733212 184250.7789 2500395.6142 26.1773 0.0100 0.0074 -0.3546 0.9349
1548296342.6829564 184250.7893 2500395.6257 26.1771 0.0100 0.0074 -0.3547 0.9349
1548296342.6926654 184250.7997 2500395.6373 26.1769 0.0100 0.0075 -0.3547 0.9349
1548296342.7030155 184250.8103 2500395.6490 26.1766 0.0100 0.0075 -0.3547 0.9349
1548296342.7125775 184250.8209 2500395.6609 26.1764 0.0100 0.0075 -0.3547 0.9349
1548296342.7279452 184250.8317 2500395.6729 26.1762 0.0100 0.0076 -0.3547 0.9349
1548296342.7328793 184250.8425 2500395.6850 26.1760 0.0100 0.0076 -0.3547 0.9349
1548296342.7428524 184250.8535 2500395.6972 26.1758 0.0100 0.0076 -0.3547 0.9349
1548296342.7548471 184250.8645 2500395.7095 26.1756 0.0100 0.0076 -0.3547 0.9349
1548296342.7630814 184250.8757 2500395.7220 26.1754 0.0100 0.0076 -0.3547 0.9349
1548296342.7791044 184250.8870 2500395.7346 26.1752 0.0100 0.0077 -0.3547 0.9349
1548296342.7826093 184250.8983 2500395.7474 26.1750 0.0100 0.0077 -0.3547 0.9349
1548296342.7928104 184250.9098 2500395.7602 26.1748 0.0100 0.0077 -0.3547 0.9349
1548296342.8026981 184250.9214 2500395.7732 26.1746 0.0101 0.0077 -0.3547 0.9349
1548296342.8134213 184250.9331 2500395.7863 26.1744 0.0100 0.0077 -0.3547 0.9349
1548296342.8299525 184250.9449 2500395.7995 26.1741 0.0100 0.0077 -0.3547 0.9349
1548296342.8326845 184250.9568 2500395.8129 26.1739 0.0100 0.0077 -0.3548 0.9349
1548296342.8427694 184250.9688 2500395.8264 26.1737 0.0100 0.0076 -0.3548 0.9349
1548296342.8556752 184250.9810 2500395.8400 26.1734 0.0100 0.0076 -0.3548 0.9349
1548296342.8630472 184250.9932 2500395.8537 26.1732 0.0100 0.0076 -0.3548 0.9349
1548296342.8778524 184251.0055 2500395.8676 26.1729 0.0100 0.0076 -0.3548 0.9349
1548296342.8832474 184251.0180 2500395.8815 26.1726 0.0100 0.0076 -0.3548 0.9349
1548296342.8926161 184251.0306 2500395.8956 26.1724 0.0100 0.0076 -0.3548 0.9349
1548296342.9032313 184251.0432 2500395.9098 26.1721 0.0100 0.0076 -0.3548 0.9349
1548296342.9130482 184251.0560 2500395.9242 26.1718 0.0100 0.0075 -0.3548 0.9349
1548296342.9230233 184251.0689 2500395.9386 26.1716 0.0101 0.0075 -0.3548 0.9349
1548296342.9329574 184251.0819 2500395.9532 26.1713 0.0101 0.0075 -0.3548 0.9349
1548296342.9430463 184251.0951 2500395.9679 26.1710 0.0101 0.0075 -0.3548 0.9349
1548296342.9547474 184251.1083 2500395.9827 26.1707 0.0101 0.0075 -0.3548 0.9349
1548296342.9632054 184251.1216 2500395.9977 26.1705 0.0101 0.0075 -0.3548 0.9349
1548296342.9793544 184251.1351 2500396.0127 26.1702 0.0101 0.0075 -0.3547 0.9349
1548296342.9828314 184251.1487 2500396.0279 26.1699 0.0101 0.0075 -0.3548 0.9349
1548296342.9927684 184251.1624 2500396.0432 26.1696 0.0101 0.0074 -0.3547 0.9349
1548296343.0028563 184251.1762 2500396.0586 26.1694 0.0101 0.0074 -0.3547 0.9349
1548296343.0128685 184251.1901 2500396.0741 26.1691 0.0101 0.0074 -0.3547 0.9349
1548296343.0238583 184251.2041 2500396.0898 26.1688 0.0101 0.0074 -0.3547 0.9349
1548296343.0326605 184251.2182 2500396.1056 26.1686 0.0101 0.0074 -0.3547 0.9349
1548296343.0425931 184251.2324 2500396.1215 26.1683 0.0101 0.0074 -0.3546 0.9349
1548296343.0547714 184251.2467 2500396.1376 26.1680 0.0101 0.0074 -0.3546 0.9349
1548296343.0626952 184251.2611 2500396.1538 26.1678 0.0101 0.0074 -0.3546 0.9349
1548296343.0777645 184251.2756 2500396.1701 26.1675 0.0101 0.0074 -0.3547 0.9349
1548296343.0826762 184251.2902 2500396.1866 26.1673 0.0101 0.0074 -0.3547 0.9349
1548296343.0927181 184251.3049 2500396.2032 26.1670 0.0101 0.0074 -0.3547 0.9349
1548296343.1026801 184251.3197 2500396.2199 26.1667 0.0101 0.0074 -0.3547 0.9349
1548296343.1127054 184251.3347 2500396.2367 26.1665 0.0101 0.0074 -0.3547 0.9349
1548296343.1281171 184251.3497 2500396.2536 26.1662 0.0101 0.0074 -0.3547 0.9349
1548296343.1324794 184251.3649 2500396.2707 26.1659 0.0101 0.0075 -0.3547 0.9349
1548296343.1429662 184251.3801 2500396.2879 26.1656 0.0101 0.0075 -0.3547 0.9349
1548296343.1552582 184251.3955 2500396.3052 26.1653 0.0101 0.0074 -0.3547 0.9349
1548296343.1626381 184251.4110 2500396.3226 26.1650 0.0101 0.0075 -0.3547 0.9349
1548296343.1779135 184251.4267 2500396.3402 26.1647 0.0101 0.0074 -0.3547 0.9349
1548296343.1826483 184251.4424 2500396.3579 26.1644 0.0101 0.0074 -0.3547 0.9349
1548296343.2374755 184251.8139 2500396.1967 25.0317 0.0131 0.0103 -0.3511 0.9362
1548296343.2375795 184252.2012 2500396.0537 23.8987 0.0131 0.0102 -0.3511 0.9362
1548296343.2376552 184252.2171 2500396.0719 23.8985 0.0131 0.0103 -0.3511 0.9362
1548296343.2377094 184252.2331 2500396.0902 23.8982 0.0132 0.0103 -0.3511 0.9362
1548296343.2377601 184252.2492 2500396.1087 23.8980 0.0132 0.0103 -0.3511 0.9362
1548296343.2425053 184252.2655 2500396.1272 23.8977 0.0132 0.0103 -0.3511 0.9362
1548296343.2528705 184252.2818 2500396.1459 23.8975 0.0132 0.0103 -0.3511 0.9362
1548296343.2644393 184252.2983 2500396.1647 23.8973 0.0132 0.0103 -0.3511 0.9362
1548296343.2781713 184252.3149 2500396.1837 23.8970 0.0133 0.0103 -0.3511 0.9362
1548296343.2826293 184252.3316 2500396.2027 23.8968 0.0133 0.0103 -0.3511 0.9362
1548296343.2978373 184252.3484 2500396.2219 23.8966 0.0133 0.0103 -0.3511 0.9362
1548296343.3030302 184252.3653 2500396.2412 23.8964 0.0133 0.0103 -0.3511 0.9362
1548296343.3126425 184252.3823 2500396.2606 23.8962 0.0133 0.0103 -0.3511 0.9362
1548296343.3281122 184252.3994 2500396.2802 23.8960 0.0133 0.0103 -0.3511 0.9362
1548296343.3326161 184252.4166 2500396.2999 23.8959 0.0133 0.0103 -0.3511 0.9362
1548296343.3428134 184252.4339 2500396.3197 23.8957 0.0133 0.0103 -0.3511 0.9362
1548296343.3530302 184252.4514 2500396.3396 23.8955 0.0133 0.0102 -0.3511 0.9362
1548296343.3653095 184252.4689 2500396.3597 23.8953 0.0133 0.0102 -0.3511 0.9362
1548296343.3781625 184252.4866 2500396.3799 23.8951 0.0133 0.0102 -0.3511 0.9362
1548296343.3831224 184252.5043 2500396.4002 23.8950 0.0132 0.0102 -0.3511 0.9362
1548296343.3925951 184252.5222 2500396.4207 23.8948 0.0132 0.0102 -0.3511 0.9362
1548296343.4029623 184252.5401 2500396.4413 23.8946 0.0132 0.0102 -0.3512 0.9362
1548296343.4130541 184252.5504 2500396.4521 23.8961 0.0132 0.0102 -0.3512 0.9362
1548296343.4279804 184252.5788 2500396.4839 23.8973 0.0132 0.0102 -0.3512 0.9362
1548296343.4329965 184252.5971 2500396.5048 23.8971 0.0131 0.0101 -0.3512 0.9362
1548296343.4429721 184252.6155 2500396.5259 23.8969 0.0131 0.0101 -0.3512 0.9361
1548296343.4533075 184252.6340 2500396.5472 23.8967 0.0131 0.0100 -0.3512 0.9361
1548296343.4628842 184252.6526 2500396.5685 23.8965 0.0131 0.0100 -0.3512 0.9361
1548296343.4807562 184252.6629 2500396.5819 23.8950 0.0131 0.0099 -0.3512 0.9362
1548296343.4827064 184252.6920 2500396.6168 23.8933 0.0131 0.0099 -0.3512 0.9362
1548296343.4930175 184252.7109 2500396.6385 23.8931 0.0131 0.0099 -0.3512 0.9362
1548296343.5027904 184252.7300 2500396.6604 23.8929 0.0131 0.0098 -0.3512 0.9362
1548296343.5131054 184252.7492 2500396.6824 23.8926 0.0131 0.0098 -0.3512 0.9362
1548296343.5280521 184252.7686 2500396.7046 23.8924 0.0131 0.0097 -0.3512 0.9362
1548296343.5331732 184252.7880 2500396.7268 23.8922 0.0131 0.0097 -0.3511 0.9362
1548296343.5429843 184252.8076 2500396.7492 23.8920 0.0131 0.0097 -0.3511 0.9362
1548296343.5526483 184252.8272 2500396.7718 23.8918 0.0131 0.0096 -0.3511 0.9362
1548296343.5630941 184252.8471 2500396.7944 23.8916 0.0131 0.0096 -0.3511 0.9362
1548296343.5805121 184252.8570 2500396.8058 23.8915 0.0131 0.0095 -0.3511 0.9362
1548296343.5827343 184252.8870 2500396.8401 23.8912 0.0131 0.0095 -0.3511 0.9362
1548296343.5930971 184252.9071 2500396.8631 23.8910 0.0130 0.0095 -0.3511 0.9362
1548296343.6031825 184252.9274 2500396.8863 23.8908 0.0130 0.0094 -0.3511 0.9362
1548296343.6130551 184252.9478 2500396.9096 23.8907 0.0130 0.0093 -0.3511 0.9362
1548296343.6283505 184252.9682 2500396.9331 23.8905 0.0130 0.0093 -0.3511 0.9362
1548296343.6328471 184252.9888 2500396.9567 23.8903 0.0129 0.0093 -0.3511 0.9362
1548296343.6426063 184253.0095 2500396.9804 23.8902 0.0129 0.0092 -0.3511 0.9362
1548296343.6529232 184253.0304 2500397.0043 23.8901 0.0129 0.0092 -0.3511 0.9362
1548296343.6631063 184253.0513 2500397.0283 23.8899 0.0128 0.0092 -0.3511 0.9362
1548296343.6770492 184253.0609 2500397.0310 23.8921 0.0128 0.0092 -0.3511 0.9362
1548296343.6828041 184253.0917 2500397.0580 23.8941 0.0128 0.0092 -0.3512 0.9362
1548296343.6934271 184253.1130 2500397.0824 23.8939 0.0127 0.0092 -0.3512 0.9362
1548296343.7029833 184253.1344 2500397.1069 23.8937 0.0127 0.0092 -0.3512 0.9362
1548296343.7128495 184253.1559 2500397.1316 23.8935 0.0127 0.0092 -0.3512 0.9362
1548296343.7282943 184253.1776 2500397.1564 23.8933 0.0127 0.0092 -0.3512 0.9362
1548296343.7330673 184253.1994 2500397.1813 23.8930 0.0127 0.0092 -0.3512 0.9362
1548296343.7427343 184253.2213 2500397.2064 23.8928 0.0127 0.0092 -0.3512 0.9362
1548296343.7530922 184253.2433 2500397.2316 23.8925 0.0127 0.0092 -0.3512 0.9362
1548296343.7629852 184253.2655 2500397.2570 23.8922 0.0127 0.0092 -0.3512 0.9362
1548296343.7801322 184253.2767 2500397.2697 23.8920 0.0127 0.0092 -0.3512 0.9362
1548296343.7827631 184253.3102 2500397.3080 23.8915 0.0128 0.0092 -0.3511 0.9362
1548296343.7926635 184253.3328 2500397.3337 23.8912 0.0128 0.0092 -0.3511 0.9362
1548296343.8026595 184253.3555 2500397.3596 23.8908 0.0128 0.0092 -0.3511 0.9362
1548296343.8127821 184253.3782 2500397.3855 23.8905 0.0128 0.0092 -0.3511 0.9362
1548296343.8277201 184253.4012 2500397.4116 23.8902 0.0128 0.0093 -0.3511 0.9362
1548296343.8330292 184253.4242 2500397.4379 23.8899 0.0129 0.0093 -0.3511 0.9362
1548296343.8431464 184253.4473 2500397.4642 23.8895 0.0129 0.0093 -0.3511 0.9362
1548296343.8526093 184253.4705 2500397.4908 23.8892 0.0129 0.0093 -0.3511 0.9362
1548296343.8629061 184253.4939 2500397.5174 23.8889 0.0129 0.0094 -0.3510 0.9362
1548296343.8805775 184253.5145 2500397.5378 23.8911 0.0126 0.0090 -0.3510 0.9363
1548296343.8825941 184253.5586 2500397.5851 23.8929 0.0126 0.0090 -0.3510 0.9363
1548296343.8932455 184253.5823 2500397.6122 23.8926 0.0127 0.0091 -0.3510 0.9363
1548296343.9028505 184253.6061 2500397.6394 23.8922 0.0127 0.0090 -0.3510 0.9363
1548296343.9130795 184253.6301 2500397.6668 23.8919 0.0127 0.0091 -0.3510 0.9363
1548296343.9283671 184253.6542 2500397.6943 23.8915 0.0127 0.0091 -0.3510 0.9363
1548296343.9332284 184253.6784 2500397.7219 23.8912 0.0128 0.0091 -0.3510 0.9363
1548296343.9431273 184253.7027 2500397.7497 23.8909 0.0128 0.0091 -0.3510 0.9363
1548296343.9529535 184253.7270 2500397.7775 23.8906 0.0128 0.0090 -0.3510 0.9363
1548296343.9631351 184253.7515 2500397.8055 23.8904 0.0128 0.0090 -0.3510 0.9363
1548296343.9815033 184253.7638 2500397.8196 23.8902 0.0128 0.0090 -0.3510 0.9363
1548296343.9841605 184253.8008 2500397.8620 23.8898 0.0128 0.0090 -0.3510 0.9363
1548296343.9930741 184253.8257 2500397.8905 23.8896 0.0128 0.0090 -0.3510 0.9362
1548296344.0028192 184253.8506 2500397.9190 23.8893 0.0128 0.0090 -0.3510 0.9362
1548296344.0130311 184253.8756 2500397.9477 23.8890 0.0128 0.0090 -0.3510 0.9362
1548296344.0280834 184253.9008 2500397.9765 23.8887 0.0128 0.0090 -0.3510 0.9362
1548296344.0327225 184253.9261 2500398.0055 23.8883 0.0128 0.0090 -0.3510 0.9363
1548296344.0433212 184253.9514 2500398.0345 23.8880 0.0128 0.0089 -0.3508 0.9363
1548296344.0531703 184253.9769 2500398.0638 23.8876 0.0129 0.0089 -0.3508 0.9363
1548296344.0627504 184254.0025 2500398.0931 23.8872 0.0129 0.0089 -0.3508 0.9363
1548296344.0763612 184254.0119 2500398.1046 23.8856 0.0131 0.0091 -0.3508 0.9363
1548296344.0832821 184254.0472 2500398.1457 23.8836 0.0130 0.0091 -0.3507 0.9363
1548296344.0928622 184254.0731 2500398.1755 23.8831 0.0130 0.0090 -0.3507 0.9363
1548296344.1032704 184254.0992 2500398.2054 23.8827 0.0131 0.0090 -0.3508 0.9363
1548296344.1131303 184254.1254 2500398.2355 23.8823 0.0131 0.0090 -0.3508 0.9363
1548296344.1282264 184254.1517 2500398.2657 23.8818 0.0131 0.0089 -0.3508 0.9363
1548296344.1330004 184254.1781 2500398.2960 23.8814 0.0131 0.0089 -0.3508 0.9363
1548296344.1431625 184254.2046 2500398.3265 23.8810 0.0131 0.0089 -0.3508 0.9363
1548296344.1529901 184254.2312 2500398.3570 23.8806 0.0132 0.0088 -0.3508 0.9363
1548296344.1626195 184254.2580 2500398.3877 23.8802 0.0132 0.0088 -0.3508 0.9363
1548296344.1812465 184254.2714 2500398.4031 23.8800 0.0132 0.0088 -0.3508 0.9363
1548296344.1827352 184254.3117 2500398.4495 23.8796 0.0132 0.0087 -0.3508 0.9363
1548296344.1959232 184254.3388 2500398.4805 23.8793 0.0131 0.0087 -0.3508 0.9363
1548296344.2031722 184254.3659 2500398.5117 23.8790 0.0131 0.0087 -0.3507 0.9363
1548296344.2130043 184254.3933 2500398.5430 23.8787 0.0131 0.0087 -0.3508 0.9363
1548296344.2281991 184254.4206 2500398.5745 23.8785 0.0131 0.0088 -0.3508 0.9363
1548296344.2331625 184254.4481 2500398.6060 23.8782 0.0131 0.0087 -0.3507 0.9363
1548296344.2430931 184254.4758 2500398.6377 23.8780 0.0130 0.0087 -0.3508 0.9363
1548296344.2527343 184254.5035 2500398.6695 23.8776 0.0130 0.0087 -0.3507 0.9363
1548296344.2626215 184254.5314 2500398.7014 23.8774 0.0130 0.0087 -0.3508 0.9363
1548296344.2809325 184254.5518 2500398.7175 23.8815 0.0135 0.0067 -0.3522 0.9358
1548296344.2826732 184254.6003 2500398.7657 23.8855 0.0135 0.0066 -0.3522 0.9358
1548296344.2932323 184254.6286 2500398.7979 23.8853 0.0135 0.0067 -0.3522 0.9358
1548296344.3031122 184254.6570 2500398.8303 23.8851 0.0135 0.0067 -0.3522 0.9358
1548296344.3127094 184254.6855 2500398.8628 23.8849 0.0134 0.0067 -0.3522 0.9358
1548296344.3283002 184254.7141 2500398.8954 23.8847 0.0135 0.0067 -0.3522 0.9358
1548296344.3331552 184254.7428 2500398.9281 23.8845 0.0135 0.0067 -0.3522 0.9358
1548296344.3430214 184254.7716 2500398.9610 23.8842 0.0134 0.0067 -0.3522 0.9358
1548296344.3531742 184254.8006 2500398.9940 23.8840 0.0134 0.0066 -0.3522 0.9358
1548296344.3627743 184254.8297 2500399.0271 23.8837 0.0134 0.0066 -0.3522 0.9358
1548296344.3807821 184254.8443 2500399.0437 23.8835 0.0134 0.0066 -0.3522 0.9358
1548296344.3828514 184254.8882 2500399.0937 23.8831 0.0134 0.0065 -0.3522 0.9358
1548296344.3929384 184254.9176 2500399.1272 23.8827 0.0134 0.0065 -0.3522 0.9358
1548296344.4026405 184254.9471 2500399.1609 23.8823 0.0134 0.0064 -0.3523 0.9358
1548296344.4127914 184254.9767 2500399.1946 23.8820 0.0134 0.0063 -0.3523 0.9358
1548296344.4237123 184255.0065 2500399.2286 23.8816 0.0134 0.0063 -0.3523 0.9358
1548296344.4329262 184255.0363 2500399.2627 23.8812 0.0134 0.0062 -0.3523 0.9358
1548296344.4426561 184255.0663 2500399.2968 23.8809 0.0134 0.0062 -0.3523 0.9358
1548296344.4526093 184255.0963 2500399.3312 23.8805 0.0134 0.0061 -0.3523 0.9358
1548296344.4625751 184255.1265 2500399.3656 23.8802 0.0135 0.0061 -0.3523 0.9358
1548296344.4794095 184255.1441 2500399.3817 23.8764 0.0130 0.0082 -0.3507 0.9363
1548296344.4827924 184255.1920 2500399.4325 23.8722 0.0130 0.0082 -0.3508 0.9363
1548296344.4932123 184255.2223 2500399.4675 23.8717 0.0130 0.0082 -0.3508 0.9363
1548296344.5031034 184255.2528 2500399.5025 23.8713 0.0130 0.0082 -0.3508 0.9363
1548296344.5127572 184255.2834 2500399.5376 23.8709 0.0130 0.0082 -0.3508 0.9363
1548296344.5280433 184255.3141 2500399.5729 23.8705 0.0130 0.0082 -0.3508 0.9363
1548296344.5326263 184255.3450 2500399.6083 23.8700 0.0130 0.0081 -0.3508 0.9363
1548296344.5427943 184255.3759 2500399.6438 23.8697 0.0130 0.0082 -0.3508 0.9363
1548296344.5530482 184255.4070 2500399.6793 23.8692 0.0130 0.0081 -0.3509 0.9363
1548296344.5630804 184255.4381 2500399.7151 23.8689 0.0130 0.0082 -0.3509 0.9363
1548296344.5804335 184255.4538 2500399.7330 23.8687 0.0129 0.0081 -0.3509 0.9363
1548296344.5828641 184255.5008 2500399.7868 23.8681 0.0129 0.0081 -0.3509 0.9363
1548296344.5931454 184255.5324 2500399.8229 23.8678 0.0129 0.0081 -0.3509 0.9363
1548296344.6028944 184255.5640 2500399.8590 23.8673 0.0129 0.0081 -0.3510 0.9363
1548296344.6130424 184255.5957 2500399.8954 23.8671 0.0128 0.0081 -0.3510 0.9363
1548296344.6234335 184255.6275 2500399.9318 23.8667 0.0128 0.0081 -0.3510 0.9363
1548296344.6332782 184255.6594 2500399.9683 23.8664 0.0128 0.0081 -0.3510 0.9362
1548296344.6427235 184255.6914 2500400.0050 23.8662 0.0127 0.0081 -0.3510 0.9362
1548296344.6526454 184255.7235 2500400.0418 23.8659 0.0127 0.0081 -0.3511 0.9362
1548296344.6631903 184255.7558 2500400.0787 23.8656 0.0126 0.0081 -0.3511 0.9362
1548296344.6752943 184255.7755 2500400.0926 23.8664 0.0128 0.0077 -0.3517 0.9360
1548296344.6831542 184255.8277 2500400.1437 23.8670 0.0127 0.0077 -0.3518 0.9360
1548296344.6928353 184255.8603 2500400.1809 23.8667 0.0127 0.0077 -0.3518 0.9360
1548296344.7028602 184255.8930 2500400.2183 23.8665 0.0126 0.0077 -0.3519 0.9359
1548296344.7128783 184255.9258 2500400.2558 23.8662 0.0126 0.0077 -0.3519 0.9359
1548296344.7283134 184255.9587 2500400.2934 23.8659 0.0125 0.0077 -0.3519 0.9359
1548296344.7329545 184255.9918 2500400.3311 23.8656 0.0125 0.0076 -0.3520 0.9359
1548296344.7432513 184256.0249 2500400.3689 23.8653 0.0125 0.0076 -0.3520 0.9359
1548296344.7533514 184256.0581 2500400.4069 23.8650 0.0125 0.0076 -0.3521 0.9359
1548296344.7630194 184256.0915 2500400.4450 23.8647 0.0125 0.0075 -0.3521 0.9358
1548296344.7810223 184256.1083 2500400.4641 23.8645 0.0124 0.0075 -0.3521 0.9358
1548296344.7832103 184256.1586 2500400.5215 23.8640 0.0124 0.0074 -0.3522 0.9358
1548296344.7929003 184256.1923 2500400.5600 23.8636 0.0124 0.0074 -0.3523 0.9358
1548296344.8032201 184256.2261 2500400.5985 23.8633 0.0123 0.0073 -0.3523 0.9358
1548296344.8128495 184256.2600 2500400.6372 23.8629 0.0123 0.0073 -0.3524 0.9357
1548296344.8235785 184256.2940 2500400.6760 23.8626 0.0123 0.0072 -0.3524 0.9357
1548296344.8328954 184256.3281 2500400.7149 23.8622 0.0123 0.0072 -0.3525 0.9357
1548296344.8431263 184256.3624 2500400.7539 23.8619 0.0123 0.0071 -0.3526 0.9357
1548296344.8528124 184256.3967 2500400.7931 23.8615 0.0123 0.0070 -0.3526 0.9357
1548296344.8631171 184256.4312 2500400.8323 23.8612 0.0123 0.0070 -0.3527 0.9356
1548296344.8796151 184256.4526 2500400.8561 23.8602 0.0121 0.0073 -0.3525 0.9357
1548296344.8828754 184256.5086 2500400.9194 23.8589 0.0121 0.0073 -0.3526 0.9357
1548296344.8929804 184256.5434 2500400.9590 23.8585 0.0121 0.0073 -0.3526 0.9357
1548296344.9026893 184256.5783 2500400.9987 23.8581 0.0121 0.0073 -0.3527 0.9356
1548296344.9125892 184256.6133 2500401.0386 23.8577 0.0121 0.0073 -0.3528 0.9356
1548296344.9278412 184256.6484 2500401.0786 23.8573 0.0121 0.0073 -0.3528 0.9356
1548296344.9326644 184256.6836 2500401.1186 23.8569 0.0121 0.0073 -0.3529 0.9356
1548296344.9428192 184256.7190 2500401.1589 23.8564 0.0122 0.0073 -0.3529 0.9355
1548296344.9525643 184256.7544 2500401.1991 23.8559 0.0121 0.0073 -0.3530 0.9355
1548296344.9629183 184256.7900 2500401.2395 23.8555 0.0122 0.0073 -0.3530 0.9355
1548296344.9798041 184256.8079 2500401.2598 23.8552 0.0122 0.0073 -0.3531 0.9355
1548296344.9830062 184256.8615 2500401.3207 23.8545 0.0122 0.0073 -0.3532 0.9355
1548296344.9928085 184256.8975 2500401.3614 23.8540 0.0122 0.0073 -0.3532 0.9354
1548296345.0029745 184256.9336 2500401.4022 23.8535 0.0122 0.0073 -0.3533 0.9354
1548296345.0130013 184256.9697 2500401.4431 23.8531 0.0122 0.0073 -0.3533 0.9354
1548296345.0234022 184257.0060 2500401.4842 23.8526 0.0122 0.0073 -0.3534 0.9354
1548296345.0328441 184257.0423 2500401.5254 23.8522 0.0122 0.0073 -0.3534 0.9353
1548296345.0428895 184257.0786 2500401.5668 23.8518 0.0122 0.0071 -0.3531 0.9355
1548296345.0530375 184257.1149 2500401.6084 23.8515 0.0121 0.0071 -0.3531 0.9355
1548296345.0629955 184257.1513 2500401.6501 23.8511 0.0121 0.0071 -0.3532 0.9355
1548296345.0814955 184257.1780 2500401.6646 23.8567 0.0120 0.0067 -0.3537 0.9352
1548296345.0828544 184257.2413 2500401.7210 23.8621 0.0120 0.0067 -0.3538 0.9352
1548296345.0932733 184257.2781 2500401.7631 23.8617 0.0120 0.0067 -0.3538 0.9352
1548296345.1030385 184257.3148 2500401.8052 23.8613 0.0119 0.0068 -0.3539 0.9352
1548296345.1127084 184257.3518 2500401.8475 23.8610 0.0119 0.0068 -0.3540 0.9352
1548296345.1279891 184257.3888 2500401.8898 23.8605 0.0119 0.0068 -0.3540 0.9351
1548296345.1328671 184257.4260 2500401.9323 23.8602 0.0119 0.0068 -0.3541 0.9351
1548296345.1427411 184257.4633 2500401.9749 23.8598 0.0118 0.0068 -0.3541 0.9351
1548296345.1527391 184257.5007 2500402.0176 23.8593 0.0118 0.0068 -0.3542 0.9351
1548296345.1629242 184257.5382 2500402.0605 23.8589 0.0118 0.0068 -0.3543 0.9350
1548296345.1756845 184257.5570 2500402.0819 23.8587 0.0117 0.0067 -0.3543 0.9350
1548296345.1831625 184257.6136 2500402.1464 23.8580 0.0118 0.0067 -0.3544 0.9350
1548296345.1960121 184257.6514 2500402.1895 23.8575 0.0117 0.0067 -0.3545 0.9350
1548296345.2026635 184257.6895 2500402.2328 23.8570 0.0117 0.0066 -0.3545 0.9349
1548296345.2129843 184257.7275 2500402.2762 23.8565 0.0117 0.0065 -0.3546 0.9349
1548296345.2281561 184257.7657 2500402.3196 23.8560 0.0116 0.0065 -0.3547 0.9349
1548296345.2331722 184257.8041 2500402.3633 23.8555 0.0117 0.0063 -0.3547 0.9349
1548296345.2432084 184257.8424 2500402.4070 23.8551 0.0116 0.0063 -0.3548 0.9348
1548296345.2532792 184257.8809 2500402.4508 23.8547 0.0117 0.0063 -0.3549 0.9348
1548296345.2631713 184257.9195 2500402.4948 23.8542 0.0117 0.0063 -0.3550 0.9348
1548296345.2750941 184257.9420 2500402.5136 23.8543 0.0115 0.0063 -0.3555 0.9346
1548296345.2830262 184258.0033 2500402.5766 23.8541 0.0115 0.0063 -0.3556 0.9346
1548296345.2931371 184258.0423 2500402.6208 23.8536 0.0115 0.0063 -0.3557 0.9345
1548296345.3028075 184258.0813 2500402.6652 23.8532 0.0115 0.0063 -0.3557 0.9345
1548296345.3140721 184258.1204 2500402.7096 23.8528 0.0115 0.0063 -0.3558 0.9345
1548296345.3281742 184258.1597 2500402.7542 23.8523 0.0115 0.0063 -0.3559 0.9344
1548296345.3331781 184258.1990 2500402.7988 23.8519 0.0115 0.0063 -0.3560 0.9344
1548296345.3429095 184258.2386 2500402.8436 23.8515 0.0115 0.0063 -0.3561 0.9344
1548296345.3530775 184258.2783 2500402.8884 23.8511 0.0115 0.0062 -0.3562 0.9343
1548296345.3629852 184258.3180 2500402.9334 23.8507 0.0115 0.0062 -0.3563 0.9343
1548296345.3811713 184258.3379 2500402.9559 23.8505 0.0115 0.0062 -0.3564 0.9342
1548296345.3832172 184258.3978 2500403.0235 23.8498 0.0115 0.0062 -0.3565 0.9342
1548296345.3931493 184258.4378 2500403.0688 23.8495 0.0115 0.0062 -0.3566 0.9342
1548296345.4030575 184258.4780 2500403.1141 23.8491 0.0115 0.0062 -0.3566 0.9341
1548296345.4127631 184258.5183 2500403.1595 23.8487 0.0114 0.0062 -0.3567 0.9341
1548296345.4279755 184258.5586 2500403.2051 23.8484 0.0114 0.0063 -0.3568 0.9341
1548296345.4324525 184258.5992 2500403.2507 23.8481 0.0114 0.0063 -0.3569 0.9340
1548296345.4430004 184258.6397 2500403.2964 23.8477 0.0114 0.0063 -0.3570 0.9340
1548296345.4526390 184258.6804 2500403.3422 23.8473 0.0113 0.0064 -0.3571 0.9340
1548296345.4626561 184258.7212 2500403.3882 23.8470 0.0113 0.0065 -0.3572 0.9339
1548296345.4809501 184258.7502 2500403.4068 23.8465 0.0113 0.0065 -0.3573 0.9339
1548296345.4829423 184258.8201 2500403.4715 23.8457 0.0113 0.0066 -0.3574 0.9339
1548296345.4927855 184258.8613 2500403.5177 23.8453 0.0113 0.0066 -0.3575 0.9338
1548296345.5030155 184258.9025 2500403.5640 23.8448 0.0112 0.0067 -0.3576 0.9338
1548296345.5127753 184258.9438 2500403.6104 23.8444 0.0112 0.0068 -0.3577 0.9338
1548296345.5234462 184258.9853 2500403.6569 23.8439 0.0112 0.0068 -0.3577 0.9337
1548296345.5331161 184259.0269 2500403.7034 23.8435 0.0111 0.0068 -0.3578 0.9337
1548296345.5431454 184259.0686 2500403.7501 23.8430 0.0111 0.0068 -0.3580 0.9336
1548296345.5529301 184259.1103 2500403.7969 23.8425 0.0111 0.0068 -0.3581 0.9336
1548296345.5631991 184259.1522 2500403.8438 23.8419 0.0111 0.0068 -0.3582 0.9336
1548296345.5801752 184259.1732 2500403.8673 23.8417 0.0111 0.0068 -0.3583 0.9335
1548296345.5826762 184259.2362 2500403.9378 23.8408 0.0111 0.0068 -0.3584 0.9335
1548296345.5927885 184259.2784 2500403.9850 23.8402 0.0111 0.0068 -0.3585 0.9334
1548296345.6026683 184259.3206 2500404.0323 23.8397 0.0111 0.0068 -0.3586 0.9334
1548296345.6125804 184259.3630 2500404.0797 23.8390 0.0111 0.0067 -0.3587 0.9334
1548296345.6281112 184259.4054 2500404.1272 23.8385 0.0111 0.0068 -0.3588 0.9333
1548296345.6329481 184259.4480 2500404.1748 23.8379 0.0112 0.0068 -0.3590 0.9333
1548296345.6429672 184259.4906 2500404.2226 23.8372 0.0112 0.0068 -0.3591 0.9332
1548296345.6531322 184259.5333 2500404.2703 23.8367 0.0112 0.0068 -0.3592 0.9332
1548296345.6632792 184259.5762 2500404.3182 23.8360 0.0112 0.0067 -0.3593 0.9331
1548296345.6799203 184259.6052 2500404.3391 23.8361 0.0113 0.0070 -0.3594 0.9331
1548296345.6831615 184259.6774 2500404.4081 23.8356 0.0114 0.0069 -0.3596 0.9330
1548296345.6930121 184259.7205 2500404.4562 23.8349 0.0114 0.0069 -0.3597 0.9330
1548296345.7030101 184259.7637 2500404.5044 23.8344 0.0114 0.0069 -0.3598 0.9329
1548296345.7131615 184259.8071 2500404.5527 23.8338 0.0114 0.0068 -0.3600 0.9329
1548296345.7280985 184259.8505 2500404.6010 23.8332 0.0114 0.0069 -0.3601 0.9328
1548296345.7329012 184259.8940 2500404.6495 23.8328 0.0115 0.0069 -0.3602 0.9328
1548296345.7431654 184259.9377 2500404.6981 23.8322 0.0115 0.0069 -0.3603 0.9327
1548296345.7530663 184259.9814 2500404.7467 23.8317 0.0114 0.0070 -0.3604 0.9327
1548296345.7629374 184260.0253 2500404.7954 23.8313 0.0114 0.0069 -0.3606 0.9326
1548296345.7812611 184260.0473 2500404.8197 23.8311 0.0114 0.0069 -0.3607 0.9326
1548296345.7827201 184260.1133 2500404.8929 23.8304 0.0113 0.0069 -0.3608 0.9326
1548296345.7932411 184260.1575 2500404.9419 23.8301 0.0114 0.0069 -0.3609 0.9325
1548296345.8028324 184260.2017 2500404.9908 23.8296 0.0113 0.0070 -0.3610 0.9325
1548296345.8128163 184260.2460 2500405.0399 23.8293 0.0112 0.0070 -0.3612 0.9324
1548296345.8278495 184260.2905 2500405.0891 23.8289 0.0112 0.0070 -0.3613 0.9324
1548296345.8326971 184260.3351 2500405.1383 23.8284 0.0112 0.0070 -0.3614 0.9323
1548296345.8429623 184260.3797 2500405.1877 23.8280 0.0111 0.0070 -0.3615 0.9323
1548296345.8531732 184260.4245 2500405.2371 23.8275 0.0111 0.0070 -0.3616 0.9322
1548296345.8630765 184260.4693 2500405.2865 23.8270 0.0111 0.0070 -0.3618 0.9322
1548296345.8765531 184260.4672 2500405.2747 23.8279 0.0112 0.0068 -0.3618 0.9322
1548296345.8832802 184260.5100 2500405.3126 23.8283 0.0113 0.0068 -0.3619 0.9321
1548296345.8932401 184260.5552 2500405.3623 23.8277 0.0112 0.0069 -0.3620 0.9321
1548296345.9031234 184260.6004 2500405.4122 23.8273 0.0113 0.0069 -0.3621 0.9320
1548296345.9129852 184260.6458 2500405.4621 23.8267 0.0113 0.0069 -0.3623 0.9320
1548296345.9283324 184260.6911 2500405.5121 23.8262 0.0113 0.0069 -0.3624 0.9319
1548296345.9328344 184260.7367 2500405.5622 23.8256 0.0114 0.0069 -0.3626 0.9319
1548296345.9426884 184260.7824 2500405.6124 23.8249 0.0114 0.0069 -0.3627 0.9318
1548296345.9532304 184260.8280 2500405.6627 23.8244 0.0115 0.0069 -0.3628 0.9318
1548296345.9631483 184260.8739 2500405.7131 23.8237 0.0116 0.0070 -0.3630 0.9317
1548296345.9808715 184260.8969 2500405.7383 23.8234 0.0117 0.0070 -0.3631 0.9316
1548296345.9837343 184260.9658 2500405.8140 23.8224 0.0117 0.0070 -0.3633 0.9316
1548296345.9931005 184261.0119 2500405.8646 23.8218 0.0118 0.0070 -0.3634 0.9315
1548296346.0030155 184261.0582 2500405.9152 23.8211 0.0118 0.0070 -0.3635 0.9315
1548296346.0132821 184261.1045 2500405.9660 23.8205 0.0119 0.0070 -0.3637 0.9314
1548296346.0278114 184261.1510 2500406.0168 23.8198 0.0119 0.0070 -0.3638 0.9314
1548296346.0326884 184261.1976 2500406.0677 23.8192 0.0120 0.0071 -0.3640 0.9313
1548296346.0431503 184261.2443 2500406.1185 23.8186 0.0122 0.0072 -0.3642 0.9312
1548296346.0532733 184261.2913 2500406.1692 23.8181 0.0122 0.0072 -0.3644 0.9311
1548296346.0630624 184261.3383 2500406.2200 23.8175 0.0122 0.0071 -0.3646 0.9311
1548296346.0759252 184261.3703 2500406.2370 23.8187 0.0119 0.0072 -0.3646 0.9311
1548296346.0833075 184261.4496 2500406.3050 23.8193 0.0119 0.0072 -0.3647 0.9310
1548296346.0929955 184261.4969 2500406.3561 23.8188 0.0119 0.0072 -0.3649 0.9310
1548296346.1036151 184261.5443 2500406.4072 23.8183 0.0119 0.0072 -0.3650 0.9309
1548296346.1131244 184261.5919 2500406.4584 23.8179 0.0119 0.0072 -0.3652 0.9308
1548296346.1233344 184261.6395 2500406.5097 23.8173 0.0119 0.0073 -0.3653 0.9308
1548296346.1328744 184261.6872 2500406.5611 23.8169 0.0119 0.0073 -0.3655 0.9307
1548296346.1430512 184261.7351 2500406.6127 23.8165 0.0120 0.0073 -0.3657 0.9306
1548296346.1528959 184261.7830 2500406.6641 23.8159 0.0120 0.0073 -0.3658 0.9306
1548296346.1630150 184261.8310 2500406.7158 23.8155 0.0120 0.0073 -0.3660 0.9305
1548296346.1797943 184261.8552 2500406.7417 23.8152 0.0119 0.0072 -0.3661 0.9305
1548296346.1830609 184261.9276 2500406.8192 23.8144 0.0119 0.0072 -0.3663 0.9304
1548296346.1957318 184261.9760 2500406.8711 23.8139 0.0119 0.0072 -0.3665 0.9303
1548296346.2030258 184262.0245 2500406.9231 23.8134 0.0119 0.0071 -0.3666 0.9303
1548296346.2126879 184262.0731 2500406.9751 23.8128 0.0119 0.0070 -0.3668 0.9302
1548296346.2285004 184262.1218 2500407.0273 23.8122 0.0118 0.0069 -0.3670 0.9301
1548296346.2330746 184262.1706 2500407.0795 23.8116 0.0118 0.0068 -0.3671 0.9301
1548296346.2425228 184262.2196 2500407.1319 23.8110 0.0119 0.0068 -0.3673 0.9300
1548296346.2531517 184262.2685 2500407.1843 23.8104 0.0119 0.0068 -0.3675 0.9299
1548296346.2631703 184262.3176 2500407.2368 23.8099 0.0119 0.0068 -0.3677 0.9298
1548296346.2764340 184262.3419 2500407.2629 23.8095 0.0120 0.0067 -0.3679 0.9298
1548296346.2832211 184262.4154 2500407.3417 23.8086 0.0119 0.0068 -0.3681 0.9297
1548296346.2927699 184262.4648 2500407.3944 23.8082 0.0120 0.0068 -0.3683 0.9296
1548296346.3029779 184262.5143 2500407.4472 23.8078 0.0120 0.0069 -0.3684 0.9295
1548296346.3130980 184262.5638 2500407.5001 23.8073 0.0120 0.0069 -0.3686 0.9295
1548296346.3282191 184262.6137 2500407.5529 23.8069 0.0119 0.0068 -0.3688 0.9294
1548296346.3331107 184262.6636 2500407.6059 23.8065 0.0119 0.0068 -0.3690 0.9293
1548296346.3429906 184262.7136 2500407.6588 23.8061 0.0119 0.0069 -0.3692 0.9293
1548296346.3531752 184262.7635 2500407.7120 23.8058 0.0120 0.0070 -0.3693 0.9292
1548296346.3631605 184262.8138 2500407.7651 23.8054 0.0118 0.0070 -0.3695 0.9291
1548296346.3813832 184262.8390 2500407.7917 23.8052 0.0118 0.0069 -0.3697 0.9291
1548296346.3826576 184262.9147 2500407.8715 23.8047 0.0117 0.0068 -0.3699 0.9290
1548296346.3930502 184262.9651 2500407.9248 23.8043 0.0117 0.0070 -0.3700 0.9289
1548296346.4031908 184263.0158 2500407.9782 23.8039 0.0117 0.0069 -0.3703 0.9288
1548296346.4134193 184263.0664 2500408.0316 23.8034 0.0116 0.0070 -0.3704 0.9288
1548296346.4233783 184263.1173 2500408.0851 23.8031 0.0116 0.0070 -0.3706 0.9287
1548296346.4330463 184263.1683 2500408.1387 23.8026 0.0115 0.0070 -0.3708 0.9286
1548296346.4430892 184263.2192 2500408.1923 23.8022 0.0114 0.0071 -0.3710 0.9286
1548296346.4525297 184263.2703 2500408.2460 23.8019 0.0114 0.0071 -0.3711 0.9285
1548296346.4631556 184263.3215 2500408.2997 23.8015 0.0113 0.0071 -0.3713 0.9284
1548296346.4820258 184263.3601 2500408.3217 23.8021 0.0113 0.0070 -0.3714 0.9284
1548296346.4831967 184263.4500 2500408.3976 23.8024 0.0112 0.0071 -0.3716 0.9283
1548296346.4929232 184263.5014 2500408.4515 23.8020 0.0112 0.0071 -0.3718 0.9282
1548296346.5030717 184263.5529 2500408.5055 23.8015 0.0112 0.0071 -0.3720 0.9281
1548296346.5131576 184263.6045 2500408.5594 23.8012 0.0110 0.0071 -0.3722 0.9281
1548296346.5235990 184263.6562 2500408.6135 23.8007 0.0111 0.0071 -0.3724 0.9280
1548296346.5327387 184263.7080 2500408.6676 23.8003 0.0110 0.0071 -0.3726 0.9279
1548296346.5431127 184263.7598 2500408.7218 23.7999 0.0110 0.0072 -0.3728 0.9278
1548296346.5527592 184263.8117 2500408.7761 23.7994 0.0109 0.0072 -0.3730 0.9277
1548296346.5631429 184263.8637 2500408.8303 23.7990 0.0109 0.0072 -0.3732 0.9276
1548296346.5798471 184263.8898 2500408.8575 23.7987 0.0109 0.0072 -0.3734 0.9276
1548296346.5827299 184263.9680 2500408.9390 23.7980 0.0109 0.0072 -0.3737 0.9275
1548296346.5932572 184264.0203 2500408.9934 23.7974 0.0109 0.0071 -0.3739 0.9274
1548296346.6031849 184264.0726 2500409.0478 23.7970 0.0108 0.0071 -0.3741 0.9273
1548296346.6128041 184264.1250 2500409.1023 23.7965 0.0108 0.0071 -0.3743 0.9272
1548296346.6282357 184264.1775 2500409.1567 23.7960 0.0108 0.0071 -0.3745 0.9271
1548296346.6330394 184264.2300 2500409.2113 23.7956 0.0108 0.0072 -0.3747 0.9270
1548296346.6430092 184264.2827 2500409.2659 23.7952 0.0108 0.0071 -0.3750 0.9270
1548296346.6532025 184264.3354 2500409.3204 23.7948 0.0107 0.0071 -0.3752 0.9269
1548296346.6630629 184264.3882 2500409.3751 23.7944 0.0107 0.0071 -0.3754 0.9268
1548296346.6752015 184264.4139 2500409.4019 23.7942 0.0106 0.0071 -0.3756 0.9267
1548296346.6832621 184264.4925 2500409.4834 23.7935 0.0106 0.0071 -0.3758 0.9266
1548296346.6931752 184264.5456 2500409.5382 23.7931 0.0106 0.0072 -0.3760 0.9265
1548296346.7030414 184264.5987 2500409.5928 23.7927 0.0105 0.0071 -0.3762 0.9264
1548296346.7132230 184264.6519 2500409.6476 23.7922 0.0106 0.0072 -0.3764 0.9264
1548296346.7285599 184264.7052 2500409.7024 23.7917 0.0105 0.0072 -0.3766 0.9263
1548296346.7330980 184264.7586 2500409.7571 23.7912 0.0106 0.0072 -0.3768 0.9262
1548296346.7430971 184264.8120 2500409.8120 23.7907 0.0105 0.0072 -0.3770 0.9261
1548296346.7530756 184264.8655 2500409.8668 23.7903 0.0105 0.0072 -0.3772 0.9260
1548296346.7657885 184264.8924 2500409.8942 23.7900 0.0105 0.0071 -0.3775 0.9259
1548296346.7737113 184264.9728 2500409.9765 23.7892 0.0104 0.0071 -0.3777 0.9259
1548296346.7830697 184265.0266 2500410.0315 23.7886 0.0104 0.0071 -0.3779 0.9258
1548296346.7930814 184265.0804 2500410.0864 23.7880 0.0104 0.0071 -0.3781 0.9257
1548296346.8029926 184265.1343 2500410.1414 23.7874 0.0104 0.0071 -0.3783 0.9256
1548296346.8132221 184265.1882 2500410.1964 23.7868 0.0104 0.0071 -0.3785 0.9255
1548296346.8235931 184265.2422 2500410.2514 23.7862 0.0104 0.0071 -0.3787 0.9254
1548296346.8328959 184265.2963 2500410.3066 23.7855 0.0104 0.0071 -0.3790 0.9253
1548296346.8432064 184265.3504 2500410.3616 23.7848 0.0104 0.0071 -0.3792 0.9252
1548296346.8531361 184265.4046 2500410.4168 23.7842 0.0105 0.0072 -0.3794 0.9251
1548296346.8655013 184265.4500 2500410.4425 23.7878 0.0103 0.0071 -0.3797 0.9250
1548296346.8783871 184265.5498 2500410.5234 23.7908 0.0104 0.0071 -0.3799 0.9249
1548296346.8829887 184265.6043 2500410.5785 23.7901 0.0103 0.0070 -0.3801 0.9249
1548296346.8932777 184265.6588 2500410.6336 23.7895 0.0103 0.0071 -0.3803 0.9248
1548296346.9029789 184265.7134 2500410.6889 23.7888 0.0104 0.0071 -0.3806 0.9247
1548296346.9129642 184265.7680 2500410.7441 23.7882 0.0103 0.0072 -0.3808 0.9246
1548296346.9280668 184265.8227 2500410.7993 23.7876 0.0103 0.0071 -0.3810 0.9245
1548296346.9325638 184265.8775 2500410.8545 23.7870 0.0103 0.0071 -0.3812 0.9244
1548296346.9430531 184265.9324 2500410.9097 23.7865 0.0102 0.0071 -0.3814 0.9243
1548296346.9530228 184265.9873 2500410.9650 23.7859 0.0102 0.0072 -0.3816 0.9242
1548296346.9657006 184266.0147 2500410.9927 23.7857 0.0102 0.0072 -0.3818 0.9241
1548296346.9779008 184266.0973 2500411.0756 23.7849 0.0102 0.0073 -0.3821 0.9241
1548296346.9844369 184266.1524 2500411.1309 23.7843 0.0101 0.0073 -0.3823 0.9240
1548296346.9926000 184266.2076 2500411.1862 23.7839 0.0101 0.0074 -0.3825 0.9239
1548296347.0025404 184266.2629 2500411.2415 23.7834 0.0100 0.0074 -0.3827 0.9238
1548296347.0131928 184266.3182 2500411.2969 23.7829 0.0100 0.0074 -0.3829 0.9237
1548296347.0283890 184266.3737 2500411.3522 23.7824 0.0099 0.0074 -0.3831 0.9236
1548296347.0330648 184266.4292 2500411.4075 23.7818 0.0099 0.0074 -0.3833 0.9235
1548296347.0430941 184266.4848 2500411.4631 23.7814 0.0099 0.0074 -0.3835 0.9235
1548296347.0526010 184266.5404 2500411.5188 23.7809 0.0098 0.0073 -0.3837 0.9234
1548296347.0654203 184266.5699 2500411.5448 23.7838 0.0097 0.0070 -0.3839 0.9233
1548296347.0780062 184266.6552 2500411.6265 23.7864 0.0097 0.0070 -0.3841 0.9232
1548296347.0833119 184266.7109 2500411.6822 23.7859 0.0097 0.0071 -0.3843 0.9231
1548296347.0929711 184266.7668 2500411.7380 23.7855 0.0097 0.0072 -0.3845 0.9230
1548296347.1029603 184266.8227 2500411.7939 23.7850 0.0097 0.0072 -0.3847 0.9230
1548296347.1127982 184266.8787 2500411.8496 23.7845 0.0097 0.0072 -0.3850 0.9229
1548296347.1280902 184266.9348 2500411.9055 23.7840 0.0098 0.0073 -0.3852 0.9228
1548296347.1328637 184266.9910 2500411.9613 23.7834 0.0097 0.0074 -0.3854 0.9227
1548296347.1429095 184267.0471 2500412.0172 23.7828 0.0098 0.0074 -0.3856 0.9226
1548296347.1529418 184267.1035 2500412.0731 23.7823 0.0098 0.0074 -0.3859 0.9225
1548296347.1654428 184267.1317 2500412.1010 23.7820 0.0098 0.0074 -0.3861 0.9224
1548296347.1779203 184267.2164 2500412.1849 23.7811 0.0099 0.0075 -0.3863 0.9223
1548296347.1831439 184267.2729 2500412.2408 23.7805 0.0098 0.0075 -0.3865 0.9222
1548296347.2283265 184267.3295 2500412.2967 23.7798 0.0099 0.0075 -0.3867 0.9221
1548296347.2286029 184267.3862 2500412.3527 23.7793 0.0098 0.0075 -0.3869 0.9220
1548296347.2287133 184267.4998 2500412.4647 23.7781 0.0099 0.0076 -0.3874 0.9218
1548296347.2329037 184267.5566 2500412.5207 23.7775 0.0098 0.0077 -0.3876 0.9217
1548296347.2430267 184267.6137 2500412.5768 23.7769 0.0099 0.0077 -0.3878 0.9216
1548296347.2534320 184267.6707 2500412.6329 23.7762 0.0098 0.0077 -0.3881 0.9216
1548296347.2631703 184267.7279 2500412.6889 23.7756 0.0098 0.0077 -0.3883 0.9215
1548296347.2794301 184267.7619 2500412.7118 23.7770 0.0098 0.0077 -0.3885 0.9214
1548296347.2827484 184267.8532 2500412.7908 23.7777 0.0097 0.0077 -0.3887 0.9213
1548296347.2932416 184267.9106 2500412.8470 23.7771 0.0098 0.0077 -0.3889 0.9212
1548296347.3033676 184267.9681 2500412.9031 23.7764 0.0097 0.0077 -0.3891 0.9211
1548296347.3131849 184268.0256 2500412.9593 23.7757 0.0098 0.0077 -0.3894 0.9210
1548296347.3233734 184268.0832 2500413.0156 23.7751 0.0098 0.0077 -0.3896 0.9209
1548296347.3329847 184268.1408 2500413.0718 23.7743 0.0098 0.0077 -0.3898 0.9208
1548296347.3432562 184268.1985 2500413.1281 23.7736 0.0098 0.0078 -0.3900 0.9207
1548296347.3531381 184268.2564 2500413.1845 23.7729 0.0099 0.0078 -0.3903 0.9206
1548296347.3645219 184268.2853 2500413.2127 23.7725 0.0099 0.0078 -0.3905 0.9205
1548296347.3785199 184268.3722 2500413.2972 23.7714 0.0100 0.0078 -0.3907 0.9204
1548296347.3831469 184268.4303 2500413.3536 23.7706 0.0100 0.0078 -0.3910 0.9203
1548296347.3930248 184268.4884 2500413.4100 23.7698 0.0100 0.0078 -0.3912 0.9202
1548296347.4028451 184268.5466 2500413.4665 23.7690 0.0102 0.0077 -0.3914 0.9201
1548296347.4131537 184268.6050 2500413.5228 23.7683 0.0102 0.0077 -0.3916 0.9200
1548296347.4283012 184268.6633 2500413.5793 23.7675 0.0102 0.0077 -0.3919 0.9199
1548296347.4326674 184268.7218 2500413.6358 23.7669 0.0103 0.0077 -0.3921 0.9198
1548296347.4426908 184268.7802 2500413.6922 23.7662 0.0102 0.0077 -0.3923 0.9197
1548296347.4526713 184268.8389 2500413.7488 23.7656 0.0103 0.0077 -0.3925 0.9196
1548296347.4662094 184268.8757 2500413.7714 23.7660 0.0103 0.0076 -0.3928 0.9195
1548296347.4782191 184268.9713 2500413.8504 23.7658 0.0103 0.0076 -0.3930 0.9195
1548296347.4834232 184269.0302 2500413.9070 23.7652 0.0103 0.0076 -0.3932 0.9194
1548296347.4929203 184269.0891 2500413.9635 23.7646 0.0103 0.0077 -0.3934 0.9193
1548296347.5030033 184269.1481 2500414.0202 23.7640 0.0104 0.0077 -0.3936 0.9192
1548296347.5131439 184269.2072 2500414.0768 23.7634 0.0104 0.0077 -0.3939 0.9191
1548296347.5283002 184269.2663 2500414.1334 23.7629 0.0104 0.0078 -0.3941 0.9190
1548296347.5330267 184269.3256 2500414.1901 23.7624 0.0104 0.0077 -0.3943 0.9189
1548296347.5431693 184269.3849 2500414.2467 23.7618 0.0104 0.0078 -0.3945 0.9188
1548296347.5532221 184269.4443 2500414.3034 23.7612 0.0104 0.0077 -0.3948 0.9187
1548296347.5655287 184269.4741 2500414.3318 23.7609 0.0104 0.0077 -0.3950 0.9186
1548296347.5736771 184269.5634 2500414.4168 23.7601 0.0103 0.0077 -0.3952 0.9185
1548296347.5831869 184269.6231 2500414.4737 23.7595 0.0104 0.0077 -0.3954 0.9184
1548296347.5928187 184269.6829 2500414.5305 23.7589 0.0104 0.0077 -0.3956 0.9183
1548296347.6027494 184269.7427 2500414.5873 23.7582 0.0105 0.0077 -0.3959 0.9182
1548296347.6130492 184269.8025 2500414.6442 23.7576 0.0105 0.0077 -0.3961 0.9181
1548296347.6281869 184269.8625 2500414.7012 23.7570 0.0106 0.0077 -0.3963 0.9180
1548296347.6326908 184269.9225 2500414.7580 23.7563 0.0106 0.0077 -0.3966 0.9179
1548296347.6429545 184269.9826 2500414.8150 23.7556 0.0107 0.0077 -0.3968 0.9178
1548296347.6530746 184270.0429 2500414.8720 23.7549 0.0107 0.0078 -0.3970 0.9177
1548296347.6657933 184270.0765 2500414.8921 23.7537 0.0108 0.0078 -0.3973 0.9176
1548296347.6783773 184270.1704 2500414.9692 23.7517 0.0108 0.0078 -0.3975 0.9175
1548296347.6835082 184270.2310 2500415.0263 23.7510 0.0109 0.0078 -0.3977 0.9174
1548296347.6933549 184270.2915 2500415.0833 23.7503 0.0110 0.0078 -0.3979 0.9173
1548296347.7033500 184270.3521 2500415.1403 23.7498 0.0109 0.0078 -0.3982 0.9172
1548296347.7132103 184270.4128 2500415.1974 23.7491 0.0110 0.0078 -0.3984 0.9171
1548296347.7280385 184270.4737 2500415.2545 23.7485 0.0111 0.0078 -0.3986 0.9170
1548296347.7329183 184270.5345 2500415.3117 23.7479 0.0112 0.0079 -0.3988 0.9169
1548296347.7430258 184270.5955 2500415.3688 23.7473 0.0112 0.0079 -0.3990 0.9168
1548296347.7531420 184270.6565 2500415.4260 23.7467 0.0113 0.0079 -0.3993 0.9167
1548296347.7648324 184270.6871 2500415.4545 23.7464 0.0113 0.0079 -0.3995 0.9166
1548296347.7735199 184270.7789 2500415.5403 23.7455 0.0113 0.0079 -0.3997 0.9165
1548296347.7831459 184270.8403 2500415.5975 23.7449 0.0114 0.0079 -0.3999 0.9164
1548296347.7925795 184270.9017 2500415.6547 23.7443 0.0114 0.0079 -0.4002 0.9163
1548296347.8026781 184270.9632 2500415.7120 23.7437 0.0114 0.0078 -0.4004 0.9162
1548296347.8130355 184271.0248 2500415.7693 23.7431 0.0114 0.0078 -0.4006 0.9161
1548296347.8281791 184271.0865 2500415.8266 23.7425 0.0116 0.0078 -0.4008 0.9160
1548296347.8331019 184271.1482 2500415.8840 23.7420 0.0116 0.0078 -0.4010 0.9160
1548296347.8429467 184271.2100 2500415.9413 23.7415 0.0116 0.0079 -0.4013 0.9159
1548296347.8531019 184271.2718 2500415.9987 23.7410 0.0117 0.0079 -0.4015 0.9158
1548296347.8658529 184271.3091 2500416.0178 23.7440 0.0118 0.0077 -0.4017 0.9157
1548296347.8779603 184271.4083 2500416.0944 23.7464 0.0118 0.0078 -0.4019 0.9156
1548296347.8828773 184271.4705 2500416.1519 23.7459 0.0119 0.0078 -0.4021 0.9155
1548296347.8932689 184271.5327 2500416.2094 23.7453 0.0120 0.0079 -0.4023 0.9154
1548296347.9029603 184271.5950 2500416.2669 23.7448 0.0120 0.0079 -0.4025 0.9153
1548296347.9129681 184271.6574 2500416.3245 23.7442 0.0122 0.0079 -0.4028 0.9152
1548296347.9236039 184271.7199 2500416.3820 23.7438 0.0122 0.0080 -0.4030 0.9151
1548296347.9329906 184271.7824 2500416.4396 23.7433 0.0123 0.0080 -0.4032 0.9150
1548296347.9426205 184271.8451 2500416.4972 23.7428 0.0124 0.0081 -0.4034 0.9149
1548296347.9525941 184271.9078 2500416.5547 23.7425 0.0123 0.0080 -0.4036 0.9148
1548296347.9650912 184271.9392 2500416.5835 23.7422 0.0124 0.0079 -0.4038 0.9147
1548296347.9784017 184272.0336 2500416.6699 23.7415 0.0124 0.0080 -0.4040 0.9146
1548296347.9832172 184272.0965 2500416.7275 23.7411 0.0124 0.0081 -0.4042 0.9145
1548296347.9931195 184272.1595 2500416.7853 23.7406 0.0125 0.0081 -0.4044 0.9145
1548296348.0027797 184272.2226 2500416.8430 23.7402 0.0125 0.0082 -0.4046 0.9144
1548296348.0125424 184272.2859 2500416.9007 23.7398 0.0126 0.0082 -0.4049 0.9143
1548296348.0235365 184272.3492 2500416.9584 23.7394 0.0126 0.0082 -0.4050 0.9142
1548296348.0324017 184272.4125 2500417.0161 23.7390 0.0126 0.0083 -0.4052 0.9141
1548296348.0435512 184272.4761 2500417.0740 23.7387 0.0129 0.0082 -0.4055 0.9140
1548296348.0530765 184272.5393 2500417.1313 23.7387 0.0129 0.0083 -0.4057 0.9139
1548296348.0653412 184272.5822 2500417.1594 23.7368 0.0129 0.0083 -0.4061 0.9137
1548296348.0734506 184272.6886 2500417.2448 23.7349 0.0128 0.0083 -0.4063 0.9136
1548296348.0849789 184272.7522 2500417.3022 23.7349 0.0129 0.0084 -0.4065 0.9135
1548296348.0928597 184272.8158 2500417.3597 23.7349 0.0129 0.0084 -0.4067 0.9134
1548296348.1029779 184272.8795 2500417.4171 23.7348 0.0129 0.0085 -0.4069 0.9133
1548296348.1125795 184272.9433 2500417.4746 23.7348 0.0129 0.0086 -0.4071 0.9132
1548296348.1281303 184273.0072 2500417.5321 23.7347 0.0129 0.0086 -0.4073 0.9132
1548296348.1326703 184273.0711 2500417.5896 23.7346 0.0129 0.0086 -0.4075 0.9131
1548296348.1426049 184273.1352 2500417.6471 23.7346 0.0129 0.0087 -0.4077 0.9130
1548296348.1533842 184273.1992 2500417.7047 23.7344 0.0129 0.0088 -0.4079 0.9129
1548296348.1643637 184273.2314 2500417.7335 23.7344 0.0129 0.0088 -0.4081 0.9128
1548296348.1782338 184273.3277 2500417.8199 23.7343 0.0129 0.0089 -0.4083 0.9127
1548296348.1828412 184273.3921 2500417.8776 23.7342 0.0129 0.0089 -0.4085 0.9126
1548296348.2289193 184273.5856 2500418.0505 23.7341 0.0128 0.0093 -0.4091 0.9124
1548296348.2290385 184273.6503 2500418.1082 23.7341 0.0128 0.0094 -0.4092 0.9123
1548296348.2332338 184273.7150 2500418.1658 23.7341 0.0127 0.0095 -0.4094 0.9122
1548296348.2428246 184273.7799 2500418.2236 23.7341 0.0127 0.0096 -0.4096 0.9121
1548296348.2530736 184273.8448 2500418.2813 23.7342 0.0126 0.0097 -0.4098 0.9121
1548296348.2645570 184273.8833 2500418.3001 23.7351 0.0122 0.0097 -0.4098 0.9121
1548296348.2731849 184273.9868 2500418.3766 23.7360 0.0121 0.0098 -0.4099 0.9120
1548296348.2830228 184274.0519 2500418.4344 23.7359 0.0120 0.0098 -0.4101 0.9119
1548296348.2927719 184274.1172 2500418.4923 23.7359 0.0120 0.0099 -0.4103 0.9118
1548296348.3024476 184274.1825 2500418.5501 23.7358 0.0119 0.0099 -0.4104 0.9118
1548296348.3131351 184274.2480 2500418.6080 23.7358 0.0118 0.0099 -0.4106 0.9117
1548296348.3235912 184274.3134 2500418.6660 23.7357 0.0117 0.0099 -0.4107 0.9116
1548296348.3331019 184274.3790 2500418.7240 23.7356 0.0117 0.0100 -0.4109 0.9116
1548296348.3430062 184274.4445 2500418.7820 23.7355 0.0116 0.0101 -0.4111 0.9115
1548296348.3529887 184274.5101 2500418.8402 23.7353 0.0116 0.0103 -0.4112 0.9114
1548296348.3629847 184274.5759 2500418.8983 23.7352 0.0116 0.0105 -0.4114 0.9113
1548296348.3817269 184274.6088 2500418.9274 23.7350 0.0116 0.0106 -0.4116 0.9112
1548296348.3825297 184274.7076 2500419.0146 23.7347 0.0115 0.0107 -0.4118 0.9112
1548296348.3926752 184274.7736 2500419.0729 23.7345 0.0116 0.0108 -0.4119 0.9111
1548296348.4029984 184274.8397 2500419.1310 23.7342 0.0115 0.0109 -0.4121 0.9110
1548296348.4130433 184274.9059 2500419.1893 23.7340 0.0116 0.0109 -0.4123 0.9109
1548296348.4276058 184274.9721 2500419.2475 23.7338 0.0115 0.0110 -0.4124 0.9109
1548296348.4328705 184275.0385 2500419.3058 23.7335 0.0114 0.0110 -0.4126 0.9108
1548296348.4430013 184275.1048 2500419.3641 23.7333 0.0113 0.0110 -0.4127 0.9107
1548296348.4528890 184275.1714 2500419.4223 23.7330 0.0113 0.0110 -0.4129 0.9106
1548296348.4626654 184275.2379 2500419.4807 23.7326 0.0113 0.0111 -0.4131 0.9106
1548296348.4807240 184275.2820 2500419.5127 23.7289 0.0114 0.0111 -0.4132 0.9105
1548296348.4828646 184275.3928 2500419.6032 23.7248 0.0114 0.0111 -0.4134 0.9104
1548296348.4928685 184275.4596 2500419.6616 23.7245 0.0112 0.0112 -0.4135 0.9104
1548296348.5029623 184275.5264 2500419.7200 23.7242 0.0112 0.0113 -0.4137 0.9103
1548296348.5129027 184275.5934 2500419.7786 23.7237 0.0113 0.0113 -0.4138 0.9102
1548296348.5281478 184275.6603 2500419.8370 23.7234 0.0111 0.0114 -0.4140 0.9101
1548296348.5327523 184275.7275 2500419.8956 23.7229 0.0112 0.0114 -0.4142 0.9101
1548296348.5430443 184275.7946 2500419.9541 23.7225 0.0111 0.0115 -0.4143 0.9100
1548296348.5530717 184275.8618 2500420.0127 23.7220 0.0111 0.0116 -0.4145 0.9099
1548296348.5630404 184275.9291 2500420.0714 23.7215 0.0111 0.0116 -0.4147 0.9098
1548296348.5808207 184275.9628 2500420.1007 23.7213 0.0111 0.0116 -0.4148 0.9098
1548296348.5830092 184276.0640 2500420.1886 23.7206 0.0111 0.0116 -0.4150 0.9097
1548296348.5931537 184276.1316 2500420.2473 23.7201 0.0111 0.0116 -0.4152 0.9096
1548296348.6030570 184276.1993 2500420.3060 23.7195 0.0110 0.0116 -0.4153 0.9095
1548296348.6126166 184276.2669 2500420.3648 23.7191 0.0110 0.0116 -0.4155 0.9095
1548296348.6282025 184276.3348 2500420.4235 23.7185 0.0110 0.0115 -0.4157 0.9094
1548296348.6326527 184276.4026 2500420.4823 23.7179 0.0110 0.0115 -0.4158 0.9093
1548296348.6429926 184276.4705 2500420.5412 23.7175 0.0111 0.0115 -0.4160 0.9092
1548296348.6527045 184276.5384 2500420.6001 23.7168 0.0111 0.0116 -0.4162 0.9091
1548296348.6627113 184276.6064 2500420.6590 23.7164 0.0111 0.0115 -0.4164 0.9091
1548296348.6804174 184276.6526 2500420.6853 23.7177 0.0110 0.0112 -0.4165 0.9090
1548296348.6828373 184276.7669 2500420.7705 23.7184 0.0110 0.0112 -0.4166 0.9089
1548296348.6930179 184276.8352 2500420.8295 23.7179 0.0110 0.0112 -0.4168 0.9088
1548296348.7030785 184276.9034 2500420.8885 23.7173 0.0110 0.0113 -0.4170 0.9088
1548296348.7131381 184276.9718 2500420.9475 23.7169 0.0111 0.0113 -0.4172 0.9087
1548296348.7280492 184277.0403 2500421.0065 23.7163 0.0110 0.0112 -0.4173 0.9086
1548296348.7330111 184277.1089 2500421.0655 23.7157 0.0110 0.0112 -0.4175 0.9085
1548296348.7431664 184277.1776 2500421.1245 23.7152 0.0111 0.0112 -0.4176 0.9085
1548296348.7526410 184277.2463 2500421.1836 23.7147 0.0110 0.0112 -0.4178 0.9084
1548296348.7628959 184277.3151 2500421.2426 23.7141 0.0110 0.0111 -0.4180 0.9083
1548296348.7736439 184277.3840 2500421.3017 23.7136 0.0110 0.0110 -0.4181 0.9083
1548296348.7851234 184277.4185 2500421.3312 23.7133 0.0110 0.0110 -0.4183 0.9082
1548296348.7929515 184277.5219 2500421.4199 23.7124 0.0109 0.0110 -0.4185 0.9081
1548296348.8030726 184277.5912 2500421.4791 23.7118 0.0110 0.0109 -0.4187 0.9080
1548296348.8126820 184277.6603 2500421.5382 23.7112 0.0110 0.0109 -0.4188 0.9079
1548296348.8279496 184277.7295 2500421.5975 23.7105 0.0110 0.0108 -0.4190 0.9079
1548296348.8330863 184277.7988 2500421.6568 23.7099 0.0111 0.0108 -0.4192 0.9078
1548296348.8427172 184277.8682 2500421.7160 23.7092 0.0111 0.0108 -0.4193 0.9077
1548296348.8529847 184277.9377 2500421.7753 23.7086 0.0111 0.0107 -0.4195 0.9076
1548296348.8629105 184278.0073 2500421.8346 23.7079 0.0112 0.0106 -0.4196 0.9076
1548296348.8736117 184278.0769 2500421.8939 23.7073 0.0112 0.0106 -0.4198 0.9075
1548296348.8861898 184278.1224 2500421.9204 23.7040 0.0111 0.0103 -0.4201 0.9074
1548296348.8933217 184278.2376 2500422.0063 23.7000 0.0111 0.0103 -0.4202 0.9073
1548296348.9030424 184278.3075 2500422.0657 23.6994 0.0112 0.0103 -0.4204 0.9072
1548296348.9125873 184278.3774 2500422.1250 23.6989 0.0112 0.0102 -0.4206 0.9071
1548296348.9278402 184278.4473 2500422.1844 23.6984 0.0112 0.0102 -0.4207 0.9071
1548296348.9329847 184278.5173 2500422.2437 23.6979 0.0111 0.0102 -0.4209 0.9070
1548296348.9428998 184278.5874 2500422.3031 23.6974 0.0111 0.0101 -0.4211 0.9069
1548296348.9530316 184278.6576 2500422.3625 23.6969 0.0111 0.0101 -0.4212 0.9068
1548296348.9629330 184278.7278 2500422.4219 23.6964 0.0110 0.0100 -0.4214 0.9067
1548296348.9805892 184278.7630 2500422.4516 23.6962 0.0110 0.0100 -0.4216 0.9067
1548296348.9836263 184278.8685 2500422.5408 23.6955 0.0110 0.0099 -0.4218 0.9066
1548296348.9931107 184278.9390 2500422.6002 23.6950 0.0109 0.0099 -0.4219 0.9065
1548296349.0029584 184279.0095 2500422.6596 23.6945 0.0109 0.0098 -0.4221 0.9064
1548296349.0130541 184279.0801 2500422.7191 23.6940 0.0108 0.0097 -0.4223 0.9064
1548296349.0230179 184279.1508 2500422.7786 23.6935 0.0108 0.0095 -0.4224 0.9063
1548296349.0330512 184279.2215 2500422.8382 23.6931 0.0108 0.0095 -0.4226 0.9062
1548296349.0430638 184279.2925 2500422.8979 23.6926 0.0108 0.0095 -0.4227 0.9061
1548296349.0527035 184279.3636 2500422.9578 23.6922 0.0107 0.0095 -0.4229 0.9061
1548296349.0628998 184279.4349 2500423.0177 23.6919 0.0107 0.0094 -0.4231 0.9060
1548296349.0791342 184279.4839 2500423.0482 23.6877 0.0108 0.0096 -0.4232 0.9059
1548296349.0827523 184279.6043 2500423.1386 23.6831 0.0108 0.0095 -0.4234 0.9058
1548296349.0929847 184279.6757 2500423.1985 23.6827 0.0108 0.0095 -0.4236 0.9057
1548296349.1027826 184279.7472 2500423.2585 23.6823 0.0108 0.0095 -0.4237 0.9057
1548296349.1130560 184279.8188 2500423.3184 23.6820 0.0108 0.0095 -0.4239 0.9056
1548296349.1279301 184279.8904 2500423.3784 23.6816 0.0108 0.0094 -0.4241 0.9055
1548296349.1326888 184279.9622 2500423.4384 23.6813 0.0107 0.0094 -0.4242 0.9054
1548296349.1431918 184280.0340 2500423.4984 23.6809 0.0107 0.0094 -0.4244 0.9054
1548296349.1528754 184280.1058 2500423.5583 23.6805 0.0107 0.0093 -0.4246 0.9053
1548296349.1630131 184280.1777 2500423.6183 23.6802 0.0106 0.0093 -0.4247 0.9052
1548296349.1799730 184280.2138 2500423.6483 23.6801 0.0106 0.0092 -0.4249 0.9051
1548296349.1825892 184280.3218 2500423.7383 23.6795 0.0105 0.0092 -0.4251 0.9051
1548296349.2062631 184280.3940 2500423.7983 23.6793 0.0105 0.0091 -0.4252 0.9050
1548296349.2064574 184280.4662 2500423.8584 23.6789 0.0105 0.0091 -0.4254 0.9049
1548296349.2123617 184280.5385 2500423.9184 23.6786 0.0104 0.0091 -0.4256 0.9048
1548296349.2282015 184280.6109 2500423.9785 23.6782 0.0104 0.0090 -0.4257 0.9047
1548296349.2327445 184280.6833 2500424.0385 23.6778 0.0103 0.0090 -0.4259 0.9047
1548296349.2430131 184280.7558 2500424.0986 23.6775 0.0104 0.0090 -0.4261 0.9046
1548296349.2532357 184280.8284 2500424.1587 23.6771 0.0104 0.0090 -0.4262 0.9045
1548296349.2628969 184280.9010 2500424.2189 23.6766 0.0104 0.0090 -0.4264 0.9044
1548296349.2812728 184280.9495 2500424.2457 23.6737 0.0103 0.0088 -0.4266 0.9043
1548296349.2827260 184281.0709 2500424.3327 23.6702 0.0103 0.0087 -0.4268 0.9042
1548296349.2929193 184281.1438 2500424.3929 23.6698 0.0104 0.0087 -0.4270 0.9042
1548296349.3025101 184281.2167 2500424.4530 23.6692 0.0104 0.0087 -0.4272 0.9041
1548296349.3129984 184281.2896 2500424.5133 23.6688 0.0104 0.0086 -0.4273 0.9040
1548296349.3277582 184281.3628 2500424.5734 23.6684 0.0105 0.0086 -0.4275 0.9039
1548296349.3328158 184281.4358 2500424.6336 23.6679 0.0105 0.0085 -0.4277 0.9038
1548296349.3427416 184281.5091 2500424.6938 23.6674 0.0105 0.0085 -0.4278 0.9038
1548296349.3530482 184281.5823 2500424.7540 23.6670 0.0105 0.0084 -0.4280 0.9037
1548296349.3626625 184281.6556 2500424.8142 23.6665 0.0105 0.0084 -0.4281 0.9036
1548296349.3733051 184281.7290 2500424.8745 23.6661 0.0106 0.0084 -0.4283 0.9035
1548296349.3859037 184281.7658 2500424.9046 23.6659 0.0106 0.0085 -0.4284 0.9035
1548296349.3931176 184281.8760 2500424.9950 23.6652 0.0105 0.0084 -0.4286 0.9034
1548296349.4030961 184281.9496 2500425.0552 23.6648 0.0105 0.0084 -0.4287 0.9033
1548296349.4131127 184282.0232 2500425.1155 23.6644 0.0105 0.0084 -0.4289 0.9033
1548296349.4234213 184282.0970 2500425.1758 23.6640 0.0105 0.0084 -0.4290 0.9032
1548296349.4330345 184282.1708 2500425.2361 23.6637 0.0105 0.0084 -0.4292 0.9031
1548296349.4430443 184282.2446 2500425.2963 23.6632 0.0104 0.0083 -0.4293 0.9031
1548296349.4525150 184282.3186 2500425.3566 23.6628 0.0104 0.0083 -0.4294 0.9030
1548296349.4628568 184282.3926 2500425.4169 23.6624 0.0104 0.0082 -0.4296 0.9029
1548296349.4804467 184282.4325 2500425.4462 23.6593 0.0104 0.0084 -0.4296 0.9029
1548296349.4833793 184282.5466 2500425.5358 23.6559 0.0104 0.0084 -0.4298 0.9028
1548296349.4931976 184282.6207 2500425.5962 23.6555 0.0103 0.0084 -0.4299 0.9028
1548296349.5029291 184282.6949 2500425.6566 23.6551 0.0103 0.0084 -0.4300 0.9027
1548296349.5130150 184282.7692 2500425.7171 23.6546 0.0103 0.0083 -0.4302 0.9026
1548296349.5282260 184282.8435 2500425.7775 23.6541 0.0102 0.0083 -0.4303 0.9026
1548296349.5332074 184282.9179 2500425.8380 23.6537 0.0102 0.0083 -0.4305 0.9025
1548296349.5427455 184282.9924 2500425.8985 23.6533 0.0102 0.0084 -0.4306 0.9024
1548296349.5527103 184283.0669 2500425.9589 23.6529 0.0102 0.0084 -0.4307 0.9024
1548296349.5630111 184283.1415 2500426.0194 23.6526 0.0102 0.0083 -0.4309 0.9023
1548296349.5799252 184283.1788 2500426.0497 23.6524 0.0102 0.0083 -0.4310 0.9023
1548296349.5827426 184283.2909 2500426.1404 23.6519 0.0102 0.0084 -0.4311 0.9022
1548296349.5931693 184283.3657 2500426.2009 23.6515 0.0101 0.0083 -0.4313 0.9021
1548296349.6030834 184283.4405 2500426.2614 23.6511 0.0101 0.0083 -0.4314 0.9021
1548296349.6126547 184283.5155 2500426.3219 23.6509 0.0101 0.0082 -0.4315 0.9020
1548296349.6229662 184283.5905 2500426.3824 23.6505 0.0100 0.0082 -0.4317 0.9019
1548296349.6329877 184283.6655 2500426.4430 23.6502 0.0101 0.0083 -0.4318 0.9019
1548296349.6427660 184283.7406 2500426.5035 23.6500 0.0100 0.0082 -0.4319 0.9018
1548296349.6530463 184283.8158 2500426.5640 23.6495 0.0099 0.0082 -0.4321 0.9017
1548296349.6632299 184283.8910 2500426.6246 23.6492 0.0099 0.0081 -0.4322 0.9017
1548296349.6803392 184283.9442 2500426.6515 23.6484 0.0097 0.0074 -0.4324 0.9016
1548296349.6828549 184284.0728 2500426.7390 23.6472 0.0097 0.0073 -0.4326 0.9015
1548296349.6931840 184284.1482 2500426.7996 23.6469 0.0096 0.0073 -0.4327 0.9014
1548296349.7030853 184284.2237 2500426.8603 23.6465 0.0096 0.0072 -0.4329 0.9014
1548296349.7131185 184284.2992 2500426.9209 23.6461 0.0095 0.0072 -0.4330 0.9013
1548296349.7282640 184284.3748 2500426.9816 23.6457 0.0095 0.0071 -0.4331 0.9012
1548296349.7329701 184284.4504 2500427.0424 23.6451 0.0096 0.0071 -0.4333 0.9012
1548296349.7431937 184284.5261 2500427.1032 23.6446 0.0096 0.0071 -0.4334 0.9011
1548296349.7530072 184284.6019 2500427.1639 23.6441 0.0096 0.0070 -0.4336 0.9010
1548296349.7626312 184284.6778 2500427.2247 23.6436 0.0096 0.0069 -0.4337 0.9010
1548296349.7804193 184284.7157 2500427.2551 23.6433 0.0096 0.0069 -0.4339 0.9009
1548296349.7830883 184284.8296 2500427.3463 23.6425 0.0097 0.0068 -0.4340 0.9008
1548296349.7929301 184284.9056 2500427.4070 23.6421 0.0096 0.0068 -0.4341 0.9008
1548296349.8031185 184284.9817 2500427.4678 23.6416 0.0097 0.0067 -0.4343 0.9007
1548296349.8127592 184285.0578 2500427.5287 23.6410 0.0097 0.0068 -0.4344 0.9006
1548296349.8275414 184285.1340 2500427.5895 23.6406 0.0097 0.0067 -0.4346 0.9006
1548296349.8329291 184285.2103 2500427.6502 23.6402 0.0097 0.0066 -0.4347 0.9005
1548296349.8425638 184285.2866 2500427.7110 23.6398 0.0097 0.0065 -0.4348 0.9004
1548296349.8524808 184285.3630 2500427.7718 23.6394 0.0096 0.0065 -0.4350 0.9004
1548296349.8627709 184285.4395 2500427.8327 23.6390 0.0097 0.0065 -0.4351 0.9003
1548296349.8731713 184285.5160 2500427.8935 23.6386 0.0096 0.0064 -0.4352 0.9002
1548296349.8861263 184285.5644 2500427.9227 23.6341 0.0096 0.0068 -0.4353 0.9002
1548296349.8928012 184285.6894 2500428.0127 23.6292 0.0095 0.0067 -0.4354 0.9002
1548296349.9032035 184285.7661 2500428.0736 23.6288 0.0095 0.0067 -0.4356 0.9001
1548296349.9130931 184285.8429 2500428.1345 23.6283 0.0095 0.0066 -0.4357 0.9000
1548296349.9281664 184285.9196 2500428.1954 23.6280 0.0094 0.0067 -0.4358 0.9000
1548296349.9328002 184285.9965 2500428.2563 23.6275 0.0094 0.0066 -0.4360 0.8999
1548296349.9429515 184286.0734 2500428.3173 23.6269 0.0094 0.0066 -0.4361 0.8998
1548296349.9531137 184286.1504 2500428.3783 23.6265 0.0094 0.0065 -0.4363 0.8997
1548296349.9628978 184286.2274 2500428.4392 23.6259 0.0094 0.0065 -0.4364 0.8997
1548296349.9801820 184286.2659 2500428.4698 23.6256 0.0095 0.0065 -0.4365 0.8996
1548296349.9828637 184286.3818 2500428.5612 23.6249 0.0095 0.0064 -0.4367 0.8995
1548296349.9932777 184286.4589 2500428.6222 23.6243 0.0095 0.0065 -0.4368 0.8995
1548296350.0030111 184286.5362 2500428.6832 23.6240 0.0095 0.0064 -0.4370 0.8994
1548296350.0130082 184286.6136 2500428.7442 23.6235 0.0095 0.0064 -0.4371 0.8993
1548296350.0233822 184286.6909 2500428.8052 23.6231 0.0095 0.0064 -0.4372 0.8993
1548296350.0328344 184286.7684 2500428.8662 23.6227 0.0095 0.0064 -0.4374 0.8992
1548296350.0430482 184286.8460 2500428.9272 23.6224 0.0094 0.0065 -0.4375 0.8991
1548296350.0530287 184286.9239 2500428.9882 23.6219 0.0094 0.0065 -0.4376 0.8991
1548296350.0631107 184287.0018 2500429.0492 23.6213 0.0094 0.0065 -0.4378 0.8990
1548296350.0803265 184287.0474 2500429.0778 23.6198 0.0093 0.0062 -0.4379 0.8990
1548296350.0831869 184287.1711 2500429.1674 23.6179 0.0093 0.0062 -0.4380 0.8989
1548296350.0926439 184287.2492 2500429.2284 23.6173 0.0092 0.0062 -0.4381 0.8988
1548296350.1031127 184287.3274 2500429.2894 23.6168 0.0092 0.0061 -0.4383 0.8988
1548296350.1132064 184287.4057 2500429.3504 23.6163 0.0092 0.0061 -0.4384 0.8987
1548296350.1281459 184287.4840 2500429.4115 23.6157 0.0092 0.0061 -0.4385 0.8986
1548296350.1330306 184287.5624 2500429.4726 23.6152 0.0092 0.0061 -0.4387 0.8986
1548296350.1432230 184287.6408 2500429.5337 23.6146 0.0092 0.0060 -0.4388 0.8985
1548296350.1525502 184287.7192 2500429.5948 23.6140 0.0091 0.0060 -0.4389 0.8984
1548296350.1631498 184287.7979 2500429.6559 23.6134 0.0092 0.0059 -0.4391 0.8984
1548296350.1828148 184287.8765 2500429.7170 23.6127 0.0092 0.0059 -0.4394 0.8982
1548296350.1946058 184288.0338 2500429.8393 23.6115 0.0093 0.0060 -0.4395 0.8982
1548296350.2028627 184288.1126 2500429.9005 23.6108 0.0093 0.0059 -0.4397 0.8981
1548296350.2125775 184288.1914 2500429.9616 23.6103 0.0092 0.0059 -0.4398 0.8980
1548296350.2278353 184288.2704 2500430.0227 23.6097 0.0092 0.0058 -0.4399 0.8980
1548296350.2329154 184288.3492 2500430.0840 23.6091 0.0092 0.0059 -0.4400 0.8979
1548296350.2425922 184288.4283 2500430.1451 23.6086 0.0092 0.0059 -0.4402 0.8978
1548296350.2531644 184288.5073 2500430.2063 23.6080 0.0092 0.0059 -0.4403 0.8978
1548296350.2633480 184288.5864 2500430.2674 23.6075 0.0091 0.0059 -0.4405 0.8977
1548296350.2800531 184288.6387 2500430.2948 23.6048 0.0091 0.0057 -0.4406 0.8976
1548296350.2828256 184288.7702 2500430.3833 23.6016 0.0092 0.0057 -0.4407 0.8976
1548296350.2928324 184288.8495 2500430.4445 23.6011 0.0091 0.0057 -0.4408 0.8975
1548296350.3026693 184288.9289 2500430.5056 23.6006 0.0090 0.0056 -0.4410 0.8975
1548296350.3128285 184289.0084 2500430.5668 23.6001 0.0089 0.0056 -0.4411 0.8974
1548296350.3278519 184289.0879 2500430.6279 23.5995 0.0089 0.0056 -0.4412 0.8973
1548296350.3325619 184289.1675 2500430.6892 23.5990 0.0090 0.0056 -0.4414 0.8973
1548296350.3427689 184289.2471 2500430.7504 23.5986 0.0089 0.0056 -0.4415 0.8972
1548296350.3529193 184289.3268 2500430.8117 23.5980 0.0089 0.0056 -0.4416 0.8971
1548296350.3626205 184289.4065 2500430.8730 23.5974 0.0088 0.0057 -0.4417 0.8971
1548296350.3803285 184289.4464 2500430.9036 23.5972 0.0088 0.0057 -0.4419 0.8970
1548296350.3826771 184289.5661 2500430.9955 23.5963 0.0088 0.0057 -0.4420 0.8969
1548296350.3931244 184289.6459 2500431.0568 23.5956 0.0088 0.0057 -0.4422 0.8969
1548296350.4035795 184289.7260 2500431.1181 23.5951 0.0089 0.0057 -0.4423 0.8968
1548296350.4128900 184289.8059 2500431.1794 23.5945 0.0088 0.0057 -0.4424 0.8968
1548296350.4277845 184289.8861 2500431.2407 23.5939 0.0088 0.0057 -0.4425 0.8967
1548296350.4331127 184289.9661 2500431.3020 23.5933 0.0088 0.0057 -0.4427 0.8966
1548296350.4426605 184290.0463 2500431.3634 23.5927 0.0088 0.0057 -0.4428 0.8966
1548296350.4525297 184290.1266 2500431.4247 23.5921 0.0088 0.0057 -0.4429 0.8965
1548296350.4632211 184290.2069 2500431.4861 23.5915 0.0088 0.0057 -0.4431 0.8964
1548296350.4821263 184290.2555 2500431.5143 23.5873 0.0088 0.0060 -0.4432 0.8964
1548296350.4829066 184290.3845 2500431.6037 23.5824 0.0087 0.0060 -0.4433 0.8963
1548296350.4928656 184290.4651 2500431.6651 23.5818 0.0087 0.0060 -0.4434 0.8962
1548296350.5032631 184290.5456 2500431.7264 23.5813 0.0087 0.0061 -0.4435 0.8962
1548296350.5129916 184290.6262 2500431.7879 23.5806 0.0088 0.0061 -0.4437 0.8961
1548296350.5233754 184290.7068 2500431.8493 23.5800 0.0087 0.0061 -0.4438 0.8960
1548296350.5332045 184290.7876 2500431.9106 23.5794 0.0087 0.0060 -0.4440 0.8960
1548296350.5430746 184290.8685 2500431.9720 23.5787 0.0087 0.0059 -0.4441 0.8959
1548296350.5529008 184290.9493 2500432.0333 23.5781 0.0086 0.0060 -0.4442 0.8959
1548296350.5629252 184291.0303 2500432.0948 23.5773 0.0087 0.0059 -0.4443 0.8958
1548296350.5734847 184291.1111 2500432.1563 23.5766 0.0087 0.0060 -0.4444 0.8958
1548296350.5858715 184291.1517 2500432.1870 23.5763 0.0087 0.0060 -0.4446 0.8957
1548296350.5932377 184291.2733 2500432.2792 23.5751 0.0087 0.0059 -0.4447 0.8956
1548296350.6030043 184291.3544 2500432.3407 23.5744 0.0088 0.0060 -0.4448 0.8956
1548296350.6124691 184291.4357 2500432.4022 23.5737 0.0088 0.0059 -0.4449 0.8955
1548296350.6232035 184291.5169 2500432.4636 23.5729 0.0088 0.0059 -0.4450 0.8954
1548296350.6324047 184291.5982 2500432.5251 23.5723 0.0088 0.0059 -0.4452 0.8954
1548296350.6424076 184291.6796 2500432.5866 23.5715 0.0088 0.0059 -0.4453 0.8953
1548296350.6526000 184291.7609 2500432.6481 23.5708 0.0088 0.0060 -0.4454 0.8953
1548296350.6624506 184291.8425 2500432.7096 23.5702 0.0088 0.0059 -0.4456 0.8952
1548296350.6782972 184291.9240 2500432.7711 23.5695 0.0088 0.0060 -0.4457 0.8951
1548296350.6851586 184291.9731 2500432.7999 23.5694 0.0088 0.0059 -0.4458 0.8951
1548296350.6930297 184292.1039 2500432.8903 23.5686 0.0088 0.0060 -0.4459 0.8950
1548296350.7027865 184292.1856 2500432.9518 23.5679 0.0087 0.0061 -0.4460 0.8950
1548296350.7129467 184292.2674 2500433.0134 23.5673 0.0087 0.0060 -0.4461 0.8949
1548296350.7276586 184292.3492 2500433.0749 23.5667 0.0087 0.0060 -0.4462 0.8948
1548296350.7325140 184292.4312 2500433.1364 23.5659 0.0087 0.0060 -0.4464 0.8948
1548296350.7430258 184292.5131 2500433.1980 23.5653 0.0087 0.0060 -0.4465 0.8947
1548296350.7524857 184292.5951 2500433.2596 23.5646 0.0087 0.0060 -0.4466 0.8947
1548296350.7627875 184292.6772 2500433.3212 23.5640 0.0088 0.0060 -0.4468 0.8946
1548296350.7781224 184292.7593 2500433.3828 23.5633 0.0088 0.0060 -0.4469 0.8945
1548296350.7860580 184292.8004 2500433.4136 23.5629 0.0088 0.0060 -0.4470 0.8945
1548296350.7931224 184292.9237 2500433.5061 23.5619 0.0088 0.0061 -0.4471 0.8944
1548296350.8031732 184293.0059 2500433.5677 23.5613 0.0088 0.0060 -0.4472 0.8944
1548296350.8126810 184293.0883 2500433.6293 23.5606 0.0088 0.0060 -0.4474 0.8943
1548296350.8278627 184293.1707 2500433.6910 23.5599 0.0089 0.0060 -0.4475 0.8942
1548296350.8329330 184293.2531 2500433.7526 23.5592 0.0089 0.0061 -0.4476 0.8941
1548296350.8430355 184293.3357 2500433.8144 23.5586 0.0090 0.0061 -0.4478 0.8941
1548296350.8531224 184293.4182 2500433.8760 23.5578 0.0089 0.0060 -0.4479 0.8940
1548296350.8627367 184293.5009 2500433.9377 23.5572 0.0089 0.0060 -0.4480 0.8940
1548296350.8781381 184293.5836 2500433.9993 23.5565 0.0089 0.0060 -0.4481 0.8939
1548296350.8862035 184293.6312 2500434.0298 23.5541 0.0089 0.0059 -0.4482 0.8939
1548296350.8929574 184293.7617 2500434.1222 23.5511 0.0090 0.0059 -0.4483 0.8938
1548296350.9030707 184293.8445 2500434.1838 23.5504 0.0090 0.0059 -0.4484 0.8937
1548296350.9127162 184293.9274 2500434.2455 23.5497 0.0089 0.0059 -0.4486 0.8937
1548296350.9279994 184294.0104 2500434.3072 23.5491 0.0089 0.0058 -0.4487 0.8936
1548296350.9329935 184294.0935 2500434.3690 23.5484 0.0089 0.0058 -0.4488 0.8936
1548296350.9429320 184294.1765 2500434.4307 23.5477 0.0090 0.0059 -0.4489 0.8935
1548296350.9531058 184294.2597 2500434.4925 23.5471 0.0090 0.0059 -0.4491 0.8934
1548296350.9627933 184294.3428 2500434.5542 23.5464 0.0089 0.0059 -0.4492 0.8934
1548296350.9775023 184294.4261 2500434.6160 23.5457 0.0089 0.0059 -0.4493 0.8933
1548296350.9865502 184294.4677 2500434.6468 23.5454 0.0089 0.0059 -0.4494 0.8933
1548296350.9930590 184294.5927 2500434.7395 23.5443 0.0090 0.0060 -0.4495 0.8932
1548296351.0029515 184294.6762 2500434.8013 23.5436 0.0090 0.0060 -0.4497 0.8931
1548296351.0129662 184294.7597 2500434.8631 23.5429 0.0091 0.0060 -0.4498 0.8931
1548296351.0234301 184294.8432 2500434.9249 23.5423 0.0091 0.0061 -0.4499 0.8930
1548296351.0328129 184294.9268 2500434.9867 23.5416 0.0091 0.0060 -0.4501 0.8929
1548296351.0432152 184295.0106 2500435.0484 23.5410 0.0091 0.0061 -0.4501 0.8929
1548296351.0529193 184295.0946 2500435.1102 23.5406 0.0091 0.0062 -0.4502 0.8929
1548296351.0628724 184295.1786 2500435.1719 23.5400 0.0091 0.0062 -0.4503 0.8928
1548296351.0779017 184295.2627 2500435.2337 23.5395 0.0091 0.0062 -0.4505 0.8927
1548296351.0844310 184295.2494 2500435.2130 23.5392 0.0092 0.0061 -0.4505 0.8927
1548296351.0927279 184295.3203 2500435.2541 23.5384 0.0092 0.0062 -0.4506 0.8927
1548296351.1029437 184295.4045 2500435.3158 23.5380 0.0091 0.0062 -0.4507 0.8926
1548296351.1129877 184295.4888 2500435.3776 23.5376 0.0091 0.0062 -0.4508 0.8926
1548296351.1230980 184295.5731 2500435.4394 23.5372 0.0091 0.0062 -0.4509 0.8925
1548296351.1329955 184295.6575 2500435.5012 23.5368 0.0091 0.0062 -0.4511 0.8924
1548296351.1427221 184295.7419 2500435.5630 23.5363 0.0090 0.0062 -0.4512 0.8924
1548296351.1531010 184295.8264 2500435.6248 23.5358 0.0090 0.0062 -0.4513 0.8923
1548296351.1629496 184295.9110 2500435.6867 23.5354 0.0090 0.0062 -0.4514 0.8922
1548296351.1782201 184295.9956 2500435.7485 23.5348 0.0090 0.0062 -0.4516 0.8922
1548296351.1846605 184296.0379 2500435.7795 23.5346 0.0091 0.0063 -0.4517 0.8921
1548296351.1954701 184296.1649 2500435.8723 23.5338 0.0090 0.0063 -0.4518 0.8921
1548296351.2026010 184296.2497 2500435.9342 23.5332 0.0091 0.0064 -0.4519 0.8920
1548296351.2128695 184296.3345 2500435.9961 23.5326 0.0091 0.0064 -0.4521 0.8919
1548296351.2281127 184296.4194 2500436.0580 23.5319 0.0091 0.0064 -0.4522 0.8919
1548296351.2330199 184296.5044 2500436.1199 23.5315 0.0092 0.0064 -0.4523 0.8918
1548296351.2428656 184296.5894 2500436.1817 23.5309 0.0092 0.0063 -0.4524 0.8917
1548296351.2530492 184296.6745 2500436.2436 23.5303 0.0092 0.0064 -0.4526 0.8917
1548296351.2625961 184296.7595 2500436.3055 23.5299 0.0093 0.0065 -0.4527 0.8916
1548296351.2783373 184296.8447 2500436.3674 23.5294 0.0093 0.0064 -0.4528 0.8915
1548296351.2860717 184296.8842 2500436.3858 23.5270 0.0092 0.0063 -0.4530 0.8914
1548296351.2929437 184297.0091 2500436.4661 23.5242 0.0093 0.0063 -0.4531 0.8914
1548296351.3024877 184297.0944 2500436.5279 23.5237 0.0093 0.0063 -0.4532 0.8913
1548296351.3131205 184297.1798 2500436.5898 23.5233 0.0093 0.0064 -0.4534 0.8912
1548296351.3279379 184297.2653 2500436.6517 23.5228 0.0093 0.0064 -0.4535 0.8912
1548296351.3324506 184297.3509 2500436.7136 23.5222 0.0094 0.0063 -0.4536 0.8911
1548296351.3428549 184297.4365 2500436.7754 23.5218 0.0094 0.0064 -0.4537 0.8911
1548296351.3528558 184297.5221 2500436.8373 23.5211 0.0095 0.0063 -0.4539 0.8910
1548296351.3627269 184297.6079 2500436.8992 23.5207 0.0095 0.0063 -0.4540 0.8909
1548296351.3780277 184297.6937 2500436.9611 23.5201 0.0096 0.0062 -0.4541 0.8909
1548296351.3855795 184297.7365 2500436.9921 23.5198 0.0096 0.0063 -0.4542 0.8908
1548296351.3930424 184297.8653 2500437.0850 23.5190 0.0097 0.0063 -0.4544 0.8907
1548296351.4025121 184297.9513 2500437.1470 23.5183 0.0098 0.0063 -0.4545 0.8907
1548296351.4128978 184298.0372 2500437.2090 23.5177 0.0098 0.0063 -0.4546 0.8906
1548296351.4278744 184298.1232 2500437.2709 23.5171 0.0099 0.0063 -0.4548 0.8905
1548296351.4324808 184298.2093 2500437.3329 23.5165 0.0099 0.0063 -0.4549 0.8905
1548296351.4424408 184298.2954 2500437.3948 23.5159 0.0099 0.0062 -0.4550 0.8904
1548296351.4527250 184298.3816 2500437.4568 23.5154 0.0101 0.0062 -0.4552 0.8903
1548296351.4625658 184298.4678 2500437.5188 23.5148 0.0100 0.0063 -0.4553 0.8903
1548296351.4779965 184298.5540 2500437.5807 23.5144 0.0101 0.0063 -0.4554 0.8902
1548296351.4846888 184298.6059 2500437.6111 23.5107 0.0099 0.0063 -0.4555 0.8902
1548296351.4928666 184298.7440 2500437.7034 23.5066 0.0098 0.0063 -0.4556 0.8901
1548296351.5025394 184298.8305 2500437.7653 23.5062 0.0098 0.0063 -0.4557 0.8900
1548296351.5127689 184298.9169 2500437.8273 23.5057 0.0098 0.0063 -0.4558 0.8900
1548296351.5281322 184299.0034 2500437.8891 23.5054 0.0098 0.0063 -0.4559 0.8899
1548296351.5324662 184299.0900 2500437.9511 23.5050 0.0097 0.0063 -0.4561 0.8899
1548296351.5425433 184299.1767 2500438.0130 23.5046 0.0097 0.0062 -0.4562 0.8898
1548296351.5529330 184299.2633 2500438.0749 23.5043 0.0096 0.0063 -0.4563 0.8897
1548296351.5631195 184299.3500 2500438.1368 23.5039 0.0096 0.0063 -0.4565 0.8897
1548296351.5731683 184299.4368 2500438.1988 23.5036 0.0096 0.0063 -0.4566 0.8896
1548296351.5860267 184299.4802 2500438.2298 23.5034 0.0095 0.0063 -0.4567 0.8896
1548296351.5927064 184299.6104 2500438.3227 23.5028 0.0095 0.0063 -0.4568 0.8895
1548296351.6025453 184299.6974 2500438.3846 23.5025 0.0094 0.0063 -0.4569 0.8894
1548296351.6126566 184299.7842 2500438.4465 23.5021 0.0094 0.0064 -0.4571 0.8894
1548296351.6277211 184299.8712 2500438.5085 23.5018 0.0094 0.0065 -0.4572 0.8893
1548296351.6324213 184299.9583 2500438.5704 23.5014 0.0094 0.0064 -0.4573 0.8892
1548296351.6429379 184300.0453 2500438.6324 23.5011 0.0093 0.0064 -0.4574 0.8892
1548296351.6527230 184300.1325 2500438.6942 23.5008 0.0093 0.0064 -0.4576 0.8891
1548296351.6628920 184300.2196 2500438.7562 23.5003 0.0093 0.0064 -0.4577 0.8891
1548296351.6811058 184300.2643 2500438.7783 23.4989 0.0096 0.0062 -0.4579 0.8889
1548296351.6830004 184300.3963 2500438.8623 23.4971 0.0095 0.0063 -0.4580 0.8889
1548296351.6928627 184300.4836 2500438.9242 23.4968 0.0095 0.0063 -0.4581 0.8888
1548296351.7026508 184300.5711 2500438.9860 23.4966 0.0094 0.0063 -0.4582 0.8888
1548296351.7125228 184300.6584 2500439.0479 23.4962 0.0094 0.0063 -0.4584 0.8887
1548296351.7281351 184300.7460 2500439.1097 23.4959 0.0093 0.0063 -0.4585 0.8886
1548296351.7324808 184300.8335 2500439.1716 23.4956 0.0092 0.0062 -0.4586 0.8886
1548296351.7430209 184300.9211 2500439.2334 23.4952 0.0092 0.0062 -0.4587 0.8885
1548296351.7528832 184301.0088 2500439.2952 23.4948 0.0091 0.0061 -0.4589 0.8884
1548296351.7626801 184301.0964 2500439.3571 23.4944 0.0091 0.0061 -0.4590 0.8884
1548296351.7805990 184301.1403 2500439.3880 23.4942 0.0091 0.0060 -0.4591 0.8883
1548296351.7826049 184301.2719 2500439.4808 23.4935 0.0091 0.0060 -0.4593 0.8882
1548296351.7929574 184301.3597 2500439.5427 23.4930 0.0090 0.0060 -0.4594 0.8882
1548296351.8028588 184301.4476 2500439.6046 23.4925 0.0090 0.0059 -0.4595 0.8881
1548296351.8128597 184301.5354 2500439.6665 23.4920 0.0090 0.0059 -0.4596 0.8881
1548296351.8280160 184301.6234 2500439.7284 23.4916 0.0090 0.0059 -0.4598 0.8880
1548296351.8327748 184301.7113 2500439.7903 23.4910 0.0090 0.0058 -0.4599 0.8879
1548296351.8429525 184301.7994 2500439.8521 23.4906 0.0090 0.0058 -0.4600 0.8879
1548296351.8530824 184301.8874 2500439.9139 23.4901 0.0089 0.0058 -0.4601 0.8878
1548296351.8630453 184301.9755 2500439.9758 23.4897 0.0089 0.0058 -0.4603 0.8877
1548296351.8811674 184302.0339 2500440.0170 23.4893 0.0087 0.0058 -0.4604 0.8876
1548296351.8825824 184302.1804 2500440.1200 23.4884 0.0086 0.0058 -0.4605 0.8876
1548296351.8928510 184302.2688 2500440.1818 23.4880 0.0086 0.0057 -0.4607 0.8875
1548296351.9025912 184302.3569 2500440.2435 23.4876 0.0084 0.0058 -0.4608 0.8875
1548296351.9129388 184302.4453 2500440.3053 23.4872 0.0085 0.0058 -0.4609 0.8874
1548296351.9232592 184302.5337 2500440.3671 23.4867 0.0084 0.0058 -0.4610 0.8873
1548296351.9327572 184302.6221 2500440.4288 23.4863 0.0083 0.0057 -0.4611 0.8873
1548296351.9428842 184302.7107 2500440.4905 23.4858 0.0083 0.0056 -0.4613 0.8872
1548296351.9525316 184302.7992 2500440.5522 23.4853 0.0081 0.0057 -0.4614 0.8871
1548296351.9628451 184302.8878 2500440.6140 23.4848 0.0082 0.0057 -0.4615 0.8871
1548296351.9820990 184302.9321 2500440.6449 23.4845 0.0081 0.0056 -0.4616 0.8870
1548296351.9826586 184303.0649 2500440.7375 23.4837 0.0081 0.0057 -0.4618 0.8870
1548296351.9930170 184303.1537 2500440.7992 23.4831 0.0081 0.0056 -0.4619 0.8869
1548296352.0029974 184303.2424 2500440.8610 23.4825 0.0080 0.0056 -0.4620 0.8868
1548296352.0129974 184303.3312 2500440.9227 23.4820 0.0081 0.0056 -0.4622 0.8867
1548296352.0229105 184303.4200 2500440.9845 23.4814 0.0080 0.0056 -0.4623 0.8867
1548296352.0329896 184303.5089 2500441.0462 23.4808 0.0079 0.0056 -0.4624 0.8866
1548296352.0429027 184303.5978 2500441.1079 23.4802 0.0079 0.0055 -0.4625 0.8865
1548296352.0526010 184303.6868 2500441.1696 23.4797 0.0079 0.0054 -0.4628 0.8864
1548296352.0630004 184303.7754 2500441.2314 23.4795 0.0079 0.0054 -0.4629 0.8864
1548296352.0798637 184303.8225 2500441.2539 23.4729 0.0078 0.0054 -0.4631 0.8863
1548296352.0829750 184303.9583 2500441.3382 23.4662 0.0078 0.0054 -0.4632 0.8862
1548296352.0927201 184304.0470 2500441.4000 23.4658 0.0077 0.0054 -0.4634 0.8861
1548296352.1031410 184304.1357 2500441.4617 23.4656 0.0077 0.0054 -0.4635 0.8860
1548296352.1126996 184304.2246 2500441.5234 23.4653 0.0076 0.0054 -0.4636 0.8860
1548296352.1278656 184304.3134 2500441.5852 23.4649 0.0076 0.0055 -0.4637 0.8859
1548296352.1327025 184304.4023 2500441.6469 23.4646 0.0076 0.0054 -0.4639 0.8858
1548296352.1428431 184304.4912 2500441.7087 23.4642 0.0076 0.0054 -0.4640 0.8858
1548296352.1526781 184304.5803 2500441.7703 23.4638 0.0075 0.0054 -0.4641 0.8857
1548296352.1628676 184304.6693 2500441.8321 23.4634 0.0076 0.0054 -0.4643 0.8856
1548296352.1801830 184304.7138 2500441.8629 23.4632 0.0075 0.0054 -0.4644 0.8856
1548296352.1826527 184304.8475 2500441.9554 23.4626 0.0076 0.0054 -0.4645 0.8855
1548296352.1946137 184304.9367 2500442.0172 23.4621 0.0076 0.0055 -0.4647 0.8854
1548296352.2029056 184305.0258 2500442.0789 23.4618 0.0076 0.0056 -0.4648 0.8854
1548296352.2127045 184305.1151 2500442.1405 23.4613 0.0076 0.0055 -0.4649 0.8853
1548296352.2281058 184305.2043 2500442.2022 23.4610 0.0076 0.0056 -0.4650 0.8852
1548296352.2328705 184305.2938 2500442.2638 23.4606 0.0077 0.0055 -0.4652 0.8852
1548296352.2427836 184305.3831 2500442.3254 23.4602 0.0076 0.0056 -0.4653 0.8851
1548296352.2529623 184305.4726 2500442.3870 23.4599 0.0077 0.0056 -0.4655 0.8850
1548296352.2625707 184305.5620 2500442.4487 23.4595 0.0077 0.0056 -0.4656 0.8850
1548296352.2793773 184305.6086 2500442.4732 23.4554 0.0074 0.0057 -0.4656 0.8850
1548296352.2831771 184305.7447 2500442.5593 23.4509 0.0076 0.0057 -0.4657 0.8849
1548296352.2926478 184305.8342 2500442.6208 23.4505 0.0075 0.0058 -0.4658 0.8848
1548296352.3023617 184305.9239 2500442.6824 23.4501 0.0076 0.0058 -0.4660 0.8848
1548296352.3125756 184306.0135 2500442.7440 23.4495 0.0076 0.0058 -0.4661 0.8847
1548296352.3281342 184306.1033 2500442.8055 23.4491 0.0076 0.0058 -0.4662 0.8846
1548296352.3325824 184306.1931 2500442.8670 23.4486 0.0078 0.0059 -0.4663 0.8846
