0 0
17 1
27 2
37 3
47 4
57 5
67 6
77 7
87 8
97 9
108 10
118 11
128 12
138 13
148 14
158 15
168 16
178 17
188 18
199 19
209 20
219 21
229 22
239 23
249 24
259 25
269 26
279 27
289 28
299 29
309 30
319 31
329 32
339 33
349 34
359 35
369 36
379 37
389 38
399 39
409 40
419 41
429 42
439 43
448 44
458 45
468 46
478 47
488 48
498 49
507 50
517 51
527 52
537 53
547 54
557 55
567 56
577 57
587 58
595 59
606 60
616 61
626 62
636 63
646 64
656 65
667 66
677 67
686 68
697 69
707 70
717 71
727 72
737 73
747 74
757 75
767 76
777 77
786 78
796 79
806 80
816 81
826 82
836 83
846 84
856 85
866 86
876 87
886 88
896 89
906 90
916 91
926 92
935 93
945 94
955 95
965 96
975 97
985 98
995 99
